-36.5
-37.5156031206
-39.5312062412
-41.9531906381
-39.0
-40.9609921984
-41.5468093619
-36.6092218444
-37.0624124825
-35.7106421284
-34.9680936187
-31.7574514903
-30.2808561712
-27.6014202841
-28.5631126225
-31.0
-26.124124825
-27.3673734747
-21.7191438288
-21.8517703541
-18.1560312062
-14.3361672334
-15.0
-10.6028205641
-6.93828765753
-2.3049609922
-0.797159431886
1.47449489898
6.0
8.67873574715
10.4680936187
14.4836967393
18.5
24.2276455291
27.0
27.0922184437
33.6234246849
39.5773154631
41.2787557512
46.1298259652
51.4326865373
54.9595919184
58.3276655331
64.0128025605
65.2163432687
68.2553510702
71.0
72.0
79.1234246849
76.6177235447
76.3297659532
75.3063612723
73.2829565913
72.8460692138
69.3425685137
67.925485097
65.0631126225
65.9446889378
61.8800760152
58.6588317664
57.1276255251
52.1446289258
49.5326065213
45.0680136027
41.5049009802
36.5
36.4552910582
35.0
34.5305061012
29.0383076615
25.8227645529
21.1078215643
20.6914382877
17.3609721944
11.5
9.25535107021
8.22124424885
7.5
1.75965193039
-0.151030206041
-3.00350070014
-3.63192638528
-7.30136027205
-8.5
-10.3106621324
-13.3262652531
-15.3290658132
-15.0
-18.3730746149
-17.0830166033
-19.4042808562
-22.049709942
-20.9354870974
-21.1277255451
-21.5
-22.9645929186
-23.0
-20.2837567514
-22.0582116423
-19.7723544709
-18.8404680936
-20.5
-21.6830366073
-20.8035607121
-20.3113622725
-19.4574914983
-19.5
-22.0
-20.6851370274
-21.299259852
-21.5
-21.6340268054
-22.7475495099
-23.7368473695
-26.3893778756
-27.1915383077
-30.4049809962
-32.5
-30.6588317664
-33.4283856771
-35.8085617123
-35.7199439888
-35.4035807161
-35.5
-37.5
-36.450390078
-37.948989798
-38.4907981596
-40.5
-37.5
-37.4857971594
-37.0660132026
-36.5894178836
-37.6128225645
-36.1362272454
-34.3403680736
-33.8169633927
-31.4311862372
-30.4233846769
-29.2467493499
-25.7233446689
-25.099919984
-25.3530706141
-20.5375075015
-19.6297259452
-16.7624524905
-12.5268053611
-10.7063412683
-7.76295259052
-6.8375675135
-0.829765953191
0.5
4.62832566513
4.96819363873
8.20864172835
12.8369673935
15.3022604521
23.724844969
24.1632326465
27.6831366273
32.2377475495
37.2560512102
38.5
42.5866173235
49.1767353471
52.2980596119
54.5654130826
56.4085817163
60.6893378676
63.9553910782
65.4787957592
67.1681336267
69.0
67.0
63.4275855171
63.5958191638
61.6192238448
61.7852570514
56.8339667934
58.1211242248
55.9042808562
50.5
48.4198839768
46.4276855371
43.6290258052
38.8402680536
39.7934586917
36.9177835567
36.8334666933
32.051010202
33.0354070814
30.0198039608
27.0
21.0114022805
19.5270054011
16.0426085217
13.8835767153
7.5
7.36587317463
4.9474894979
3.87937587518
2.59131826365
1.19633926785
-0.586017203441
-1.64062812563
-5.29795959192
-6.21424284857
-7.84476895379
-11.1318263653
-8.76105221044
-13.1916383277
-13.7306461292
-14.0382076415
-14.3382676535
-14.6781356271
-18.5
-16.3702740548
-18.1929385877
-18.799259852
-18.0
-20.5673134627
-18.3792758552
-17.5
-16.0
-16.5049009802
-16.7553510702
-17.2631526305
-18.0419083817
-15.7787557512
-13.5672134427
-13.1169233847
-14.5935187037
-14.1900380076
-15.1355271054
-14.1977395479
-16.8332666533
-21.7293458692
-22.1041208242
-23.7135427085
-24.0
-23.4894978996
-26.1612322464
-26.1120224045
-24.1873374675
-28.0
-30.3796759352
-29.5959191838
-29.7809561912
-31.3695739148
-31.8851770354
-35.5
-35.7073414683
-34.0
-32.026205241
-34.0
-34.0
-32.5056011202
-32.9949989998
-32.025605121
-33.5
-32.6136227245
-34.0
-29.5
-29.1373274655
-26.1423284657
-27.8651730346
-31.075215043
-28.0830166033
-27.8183636727
-25.2041408282
-21.3935787157
-17.7284456891
-13.6220244049
-11.0
-10.775255051
-7.20914182837
-6.0
-1.19483896779
0.675335067013
4.0
5.36887377475
7.61552310462
10.900280056
15.4156831366
17.4312862573
22.1703340668
24.4624924985
28.2609521904
30.2342468494
35.5
38.624524905
44.4594918984
47.1122224445
47.5717143429
50.4126825365
53.6029205841
55.8555711142
58.951190238
57.0
56.3326665333
55.6595319064
57.3034606921
57.0682136427
56.7277455491
52.0
51.3436687337
48.450890178
50.7901580316
46.4855971194
45.0
43.0815163033
39.4422884577
40.3295659132
36.0
31.100620124
31.9149829966
28.8958791758
26.1076215243
23.1146229246
21.9886977395
18.0
18.0086017203
17.9515903181
11.5199039808
8.88917783557
6.53550710142
6.82676535307
6.79555911182
3.11782356471
0.866573314663
0.701940388078
-1.32926585317
-2.81976395279
-4.0
-5.78855771154
-8.0
-9.0
-11.7417483497
-12.273854771
-13.1447289458
-13.0
-12.6413282657
-15.0
-15.0
-16.1024204841
-14.3830766153
-15.6013202641
-16.7571514303
-14.5701140228
-17.4454890978
-15.0
-16.5233046609
-16.0
-16.4920984197
-13.0
-10.9217843569
-11.1094218844
-12.0
-13.5859171834
-10.1954390878
-9.61712342468
-10.0
-10.2966593319
-13.6721344269
-12.6795359072
-12.0
-10.0
-11.2736547309
-14.0
-14.5151030206
-14.0
-17.0
-17.3912782557
-17.1800360072
-19.8355671134
-19.7023404681
-19.0
-22.2352470494
-23.6939387878
-25.7407481496
-21.0708141628
-25.9447889578
-25.0
-27.975995199
-28.0
-28.0144028806
-30.0228045609
-29.9615923185
-31.9459891978
-31.8607721544
-31.9147829566
-29.899179836
-28.8835767153
-28.8679735947
-25.7047409482
-24.8367673535
-26.1788357672
-23.5833166633
-23.6301260252
-21.5487097419
-21.8793758752
-21.7431486297
-15.0
-13.7119423885
-12.0890178036
-9.34036807361
-10.4930986197
-3.0
-4.63392678536
-1.0
0.198639727946
2.70644128826
8.42848569714
9.77795559112
15.5403080616
16.1882376475
19.7454490898
23.7532506501
26.5442088418
27.8065613123
29.5533106621
34.1466293259
34.3380676135
38.50030006
41.1921384277
43.3156631326
44.0296059212
45.674934987
50.6781356271
50.6937387477
50.7093418684
49.9125825165
50.7594518904
52.8657731546
54.1576315263
54.3936787357
52.2044408882
51.5907181436
49.7487497499
48.525805161
47.7019403881
49.2619523905
44.5517103421
45.0
39.7166433287
38.0849169834
35.6230246049
34.525405081
30.4950990198
30.0
30.0
28.4814962993
22.5789157832
24.5682136427
23.7485497099
19.900580116
16.7699539908
12.5653130626
11.2924584917
7.93358671734
4.76615323065
6.11392278456
6.08271654331
0.387877575515
-0.0203040608121
-1.74454890978
-5.09341868374
-4.0
-4.95339067814
-5.18213642729
-8.0
-8.82546509302
-10.6353270654
-10.7605521104
-12.6979395879
-11.7057411482
-11.5
-15.2786557311
-13.5417083417
-14.526105221
-16.0
-15.9897979596
-16.0
-11.6955391078
-12.4480896179
-12.5
-13.2084416883
-11.0
-11.0
-9.5
-11.0317063413
-14.4916983397
-12.1616323265
-12.3076615323
-8.73014602921
-8.41468293659
-13.1304260852
-11.6226245249
-13.1148229646
-13.8929785957
-12.5
-11.0914182837
-13.4180836167
-18.1967393479
-19.5919183837
-16.0602120424
-16.0524104821
-19.1784356871
-18.1104220844
-18.0
-18.9787957592
-21.0402080416
-21.0
-23.0044008802
-22.5
-25.0
-21.5
-22.0668133627
-24.5824164833
-21.5
-20.9431886377
-22.1292258452
-23.0
-20.5
-20.0
-22.6916383277
-21.6891378276
-22.0
-18.5
-19.2459491898
-18.0
-17.7852570514
-16.3982796559
-13.5
-12.5019003801
-11.6523304661
-8.40818163633
-8.12112422485
-5.71104220844
-3.5
-0.574314862973
-0.220644128826
0.271554310862
1.4724944989
4.98809761952
7.01480296059
8.74034806961
10.2325465093
15.0
16.9813962793
17.2091418284
21.2919583917
23.8870774155
23.0
24.6441288258
29.6597319464
32.850670134
34.5364072815
35.5869173835
34.8610722144
38.3688737748
39.2533506701
39.2310462092
39.3922784557
42.800160032
42.4078815763
43.0
45.5765153031
44.1374274855
43.3781756351
43.3406681336
45.5906181236
44.575015003
41.5594118824
44.3685737147
40.6128225645
35.5
37.0
34.3790758152
-7.17103420684
25.2720544109
17.374074815
-25.5151030206
39.3381676335
15.4899979996
3.25565113023
-38.3088617723
-67.8772754551
23.674634927
-14.9048809762
13.6029205841
-8.66083216643
-7.81476295259
-6.41078215643
-31.4515903181
-2.12892578516
-39.6951390278
-37.3972794559
-51.9959991998
-86.5970194039
-43.7431486297
-48.5396079216
-49.3176635327
-46.5868173635
-52.1207241448
-1.7623524705
-17.9028805761
-193.723844769
-133.665133027
-51.5069013803
-65.526205241
-40.7680536107
-69.5201040208
-47.3351670334
-124.837067413
-102.087717544
-80.274054811
-207.711742348
-82.6472294459
-44.6125225045
-38.0763152631
-63.9459891978
-72.275455091
-67.8563712743
-134.922784557
-83.0039007802
-162.037507501
-151.553710742
-107.631626325
-39.4281856371
-54.2348469694
-68.650630126
-83.6811362272
-156.651630326
-119.683836767
-169.389677936
-78.8655731146
-89.175635127
-86.0850170034
-53.0
-102.838967794
-57.9799959992
-87.99889978
-114.729045809
-76.4681936387
-126.815763153
-49.124224845
-74.3091618324
-74.1701340268
-57.2699539908
-86.9376875375
-47.0517103421
-115.964692939
-88.6288257652
-98.9976995399
-114.819163833
-70.7356471294
-89.0025005001
-64.0646129226
-82.8131626325
-73.3800760152
-66.450290058
-78.524404881
-62.0692138428
-77.6976395279
-48.9272854571
-72.5710142028
-47.576215243
-48.8059611922
-37.3958791758
-14.3213642729
-19.8484696939
-1.91908381676
-0.257651530305
15.9727945589
32.0092018404
43.5143028606
88.9366873375
100.815663133
143.51230246
132.517803561
128.324464893
126.070114023
68.4707941588
98.8098619724
74.3118623725
110.185537107
113.841968394
97.7349469894
89.8686737347
56.7861572314
51.8908781756
7.33696739348
-13.6583316663
-26.899979996
-33.8441688338
-21.0609121824
-37.3768753751
-36.099619924
-58.1783356671
-83.6167233447
-73.9377875575
-86.4533906781
-67.1705341068
-74.4537907582
-59.9977995599
-38.5237047409
-29.7801560312
-20.7115423085
-25.8121624325
-19.773754751
-23.2654530906
-5.78875775155
16.9376875375
22.5703140628
20.9686937387
0.922484496904
-21.75025005
-29.1319263853
-53.4050810162
-80.6397279456
-122.49729946
-126.018203641
-129.840068014
-156.610022004
-160.24714943
-193.934386877
-212.671734347
-236.360972194
-255.319163833
-216.817363473
-261.449989998
-259.466993399
-229.688737748
-223.483296659
-210.448789758
-242.548309662
-203.0055011
-206.833066613
-208.427585517
-151.120124025
-128.533306661
-116.978695739
-118.23784757
-80.9560912182
-49.2540508102
-70.1194238848
-37.3726745349
-22.0335067013
-9.19893978796
21.3093618724
32.8076615323
60.800960192
32.2610522104
53.324564913
74.0982196439
76.449489898
95.5289057812
110.222244449
118.534606921
161.712442488
172.660332066
263.450990198
217.969693939
298.276855371
349.572514503
375.24354871
525.773154631
370.487297459
373.548609722
120.528805761
199.230246049
285.838667734
217.581516303
240.851270254
93.8862772555
157.98929786
36.8928785757
-2.30336067214
-88.9062812562
-236.873874775
-268.709641928
-193.265553111
-108.827565513
-129.958391678
-188.981396279
-153.822864573
-176.00830166
-176.632526505
-100.593618724
-33.5721144229
-60.0131026205
3.37617523505
138.470194039
244.694338868
212.472294459
153.780756151
204.574714943
209.671934387
296.404080816
309.412482496
323.76045209
274.684836967
244.469793959
272.047909582
214.987197439
117.319563913
57.5621124225
21.6231246249
35.9667933587
37.699139828
14.9210842168
-59.6150230046
-163.234746949
-173.799059812
-192.799259852
-184.803560712
-213.477495499
-208.301560312
-186.873574715
-126.033306661
-95.0695139028
-122.538007602
-184.882576515
-173.788457692
-103.558211642
-78.5032006401
-91.4415883177
-132.153530706
-118.020104021
-104.271754351
-56.125425085
-59.3361672334
-90.4700940188
-131.052010402
-115.099519904
-61.3368673735
-74.2859571914
-118.716443289
-157.637727546
-140.99439888
-95.6833366673
-123.516103221
-133.193138628
-161.894878976
-180.437987598
-136.799159832
-106.722744549
-75.1943388678
-112.058611722
-108.913182637
-17.1348269654
9.58111622325
50.8465693139
13.526105221
85.7693538708
112.850170034
161.399979996
225.431486297
194.75545109
262.75605121
252.968593719
361.720544109
395.957391478
412.833166633
474.834166833
469.578215643
565.375575115
587.783156631
699.907581516
725.453990798
567.798759752
320.693738748
185.701340268
313.702440488
332.090018004
250.555811162
85.6891378276
73.9598919784
-9.73614722945
-109.537607521
-245.183336667
-396.644928986
-476.828665733
-432.187337467
-252.804960992
-202.419283857
-276.559311862
-266.588717744
-238.208541708
-191.207841568
-121.928585717
39.9070814163
127.300760152
109.042708542
280.982696539
449.451190238
515.5120024
384.646129226
378.220944189
439.99829966
537.029205841
530.944888978
510.700540108
437.975495099
328.49609922
275.796059212
247.982996599
124.115423085
-19.9970994199
-86.7895579116
-81.3566713343
-85.725345069
-118.930386077
-207.193238648
-341.26025205
-368.877375475
-346.838767754
-277.116023205
-277.5
-256.918983797
-204.387177435
-156.892378476
-102.089917984
-104.169133827
-101.768453691
-67.5302060412
20.2791558312
118.951790358
149.528205641
126.190038008
101.814462893
72.849969994
55.4325865173
45.1400280056
23.9606921384
-24.2655531106
-46.1899379876
-37.1357271454
-73.1549309862
-145.0080016
-236.087217443
-272.783256651
-279.358771754
-274.958691738
-287.234846969
-291.683036607
-327.478095619
-305.831866373
-295.266253251
-285.421084217
-246.24214843
-241.624924985
-146.711442288
-89.4643928786
-18.4308861772
14.8326665333
43.0167033407
82.7951590318
155.365173035
209.384476895
259.854170834
281.448989798
312.183836767
328.109721944
340.438387678
356.74894979
336.881876375
369.631226245
332.052510502
401.24264853
364.822164433
395.99609922
375.908981796
407.521904381
448.893478696
493.987497499
478.577815563
210.975395079
-29.4104820964
-51.2194438888
115.579815963
163.071314263
-10.5963192639
-45.5167033407
-66.4175835167
-121.884676935
-176.51120224
-300.184436887
-356.266753351
-396.123024605
-200.521904381
-66.1515303061
-44.6066213243
-137.878275655
-82.1349269854
-59.3517703541
-13.9761952391
127.23954791
247.862972595
232.597019404
214.702140428
386.716343269
479.449089818
380.568013603
263.23954791
275.086417283
357.027705541
361.808761752
319.782256451
281.74374875
120.037007401
80.4433886777
25.2986597319
13.1598319664
-106.114122825
-185.322164433
-178.829065813
-175.580116023
-140.853570714
-167.185337067
-250.00830166
-309.812362472
-260.855171034
-156.407381476
-114.986397279
-108.863572715
-57.2193438688
-17.799859972
38.6395279056
50.0727145429
40.5675135027
3.56331266253
57.5375075015
127.207041408
174.910782156
100.142928586
30.2445489098
-15.1168233647
-55.9232846569
-65.5223044609
-111.264152831
-174.49509902
-236.596219244
-226.313762753
-201.094718944
-269.521604321
-335.547009402
-381.204140828
-356.801060212
-314.059211842
-294.50280056
-287.292758552
-302.075215043
-273.477595519
-224.733846769
-193.207941588
-164.328765753
-148.451390278
-87.9558911782
0.207541508297
47.601120224
59.9358871774
53.9652930586
77.8180636127
125.389777956
189.095119024
194.554410882
191.48859772
200.74184837
179.301060212
244.777355471
154.652730546
219.971894379
132.25195039
230.274154831
235.655831166
272.184036807
253.870574115
296.335767153
295.00720144
432.339467894
430.386377275
433.429185837
113.285657131
-51.7403480696
4.27695539108
155.884276855
239.226145229
-37.4176835367
23.6595319064
-125.717843569
-35.4882976595
-229.48789758
-258.433186637
-414.633326665
-310.171434287
-178.627925585
-13.425585117
-110.947989598
-171.038807762
-143.157231446
-103.107221444
-27.7776555311
131.920884177
208.310862172
176.730446089
193.224544909
331.863072615
427.776455291
253.034206841
223.955791158
208.592218444
373.880776155
321.826865373
319.646629326
187.378575715
87.5685137027
9.61352270454
8.90908181636
-36.2403480696
-114.768553711
-190.74664933
-142.515803161
-143.575815163
-136.714042809
-197.00430086
-282.948489698
-296.297759552
-234.091418284
-101.027605521
-82.2936587317
-67.8195639128
-67.450790158
15.4196839368
45.0788157632
89.801160232
47.073914783
25.3654730946
21.6317263453
117.276955391
142.574714943
72.524504901
-39.1107221444
-72.224744949
-88.7311462292
-117.192938588
-154.658131626
-207.229545909
-266.271654331
-279.592318464
-220.887677536
-283.832066413
-357.735947189
-412.909981996
-335.981496299
-293.851170234
-280.341568314
-273.952690538
-251.789957992
-250.350570114
-223.292258452
-150.145129026
-136.196439288
-159.812562513
-91.4044808962
14.5073014603
55.4938987798
12.8166633327
6.66043208641
33.0452090418
57.1619323865
93.2211442288
123.317663533
151.276155231
94.6708341668
145.301460292
133.736547309
144.792858572
49.9195839168
72.0848169634
143.640928186
193.850770154
183.081116223
216.637327465
207.25515103
259.358671734
276.655931186
351.776155231
454.291558312
440.593718744
267.626925385
-27.75085017
32.4970994199
102.033906781
249.571614323
32.4320864173
0.669433886775
-38.8910782156
-48.7319463893
-149.714642929
-292.265653131
-374.403480696
-338.972294459
-184.302160432
-87.4515903181
-96.8382676535
-194.914282857
-126.377175435
-115.290358072
-50.5848169634
71.9842968594
211.774554911
167.541708342
189.343768754
284.600620124
429.781656331
271.281156231
195.4884977
202.717243449
345.038407682
340.520704141
273.463892779
210.534406881
82.4953990798
15.7682536507
-29.1294258852
-51.9157831566
-130.373274655
-185.969293859
-156.855071014
-136.404180836
-180.392178436
-205.562812563
-295.805261052
-294.111022204
-251.653530706
-110.215543109
-77.3166633327
-69.6693338668
-60.6516303261
5.81376275255
36.9150830166
34.9467893579
32.9228845769
48.3882776555
68.0
105.870374075
127.482096419
63.3393678736
-42.1443288658
-115.636527305
-119.302660532
-146.905681136
-164.596819364
-207.192038408
-221.975195039
-272.390278056
-278.24254851
-314.097919584
-359.728945789
-390.039907982
-343.49369874
-264.071914383
-244.138827766
-253.73794759
-237.725145029
-223.384576915
-217.791458292
-169.693338668
-119.26055211
-80.2685537107
-73.3820764153
2.0401080216
29.7162432487
3.0301060212
-19.0054010802
-4.15963192639
39.6118223645
71.5421084217
112.50990198
135.018603721
92.9807961592
74.3871774355
75.6204240848
68.274854971
49.3280656131
54.3527705541
135.533206641
143.337267453
202.140128026
163.287257451
223.977695539
181.412582517
241.76055211
348.75135027
398.352770554
576.627525505
388.622724545
162.486797359
-73.0333066613
76.5199039808
217.576315263
164.114722945
39.6650330066
-0.689637927585
-8.21864372874
-127.028605721
-236.852970594
-343.230546109
-366.179735947
-283.120524105
-105.584816963
-53.5731146229
-129.070014003
-172.614222845
-117.126425285
-96.8377675535
17.2035407081
162.169933987
255.74074815
178.853470694
270.611622324
372.965393079
353.365973195
209.226045209
151.881876375
294.392278456
336.941888378
306.873874775
238.555111022
108.567213443
5.32426485297
-73.8812762552
-74.1126225245
-107.574814963
-191.917883577
-168.386277255
-169.369073815
-160.177735547
-218.209541908
-258.932986597
-310.24234847
-275.102720544
-146.837967594
-45.3519703941
-41.0036007201
-30.3172634527
-6.70294058812
32.0833166633
42.3210642128
58.2582516503
88.2385477095
88.3889777956
102.133126625
122.573314663
81.8698739748
0.230546109231
-89.8875775155
-151.5
-157.023904781
-185.5
-185.765953191
-239.474594919
-278.619923985
-306.482596519
-321.098519704
-347.118323665
-374.070414083
-351.466893379
-291.038907782
-240.513702741
-212.888777756
-211.75005001
-209.051810362
-193.090018004
-171.48759752
-96.9022804561
-66.9823964793
-23.6581316263
-15.9430886177
15.6228245649
14.1466293259
-6.13132626525
-13.4735947189
4.98579715943
39.9388877776
63.3589717944
104.100120024
78.0364072815
52.4473894779
4.16773354671
29.0
45.7623524705
48.3618723745
56.626125225
99.9736947389
139.24264853
146.835467093
157.277355471
207.855971194
202.24964993
282.200440088
318.214742949
478.034006801
545.917883577
533.837167433
280.277955591
-11.2440488098
19.074314863
187.530206041
317.087817564
122.051810362
46.0172034407
-37.7801560312
-75.8815763153
-219.602620524
-332.953090618
-358.684236847
-299.268053611
-163.318063613
-45.3440688138
-84.5044008802
-167.524304861
-176.170234047
-100.107721544
-24.1228245649
155.837667533
268.281256251
267.203140628
253.124924985
330.25505101
388.456091218
260.362572515
180.314062813
248.609621924
356.106421284
362.909681936
260.571214243
145.705041008
-0.082216443283
-94.9875975195
-108.74894979
-112.5
-146.038107622
-200.453490698
-168.659931986
-191.376875375
-219.433186637
-279.614122825
-313.938687738
-291.99839968
-175.762652531
-49.1956391278
2.9650930186
-15.1330266053
-11.3185637127
10.3699739948
52.6136227245
82.6196239248
128.220844169
154.888477696
162.311762352
133.934786957
72.9835967193
5.81856371276
-74.7947589518
-133.295559112
-178.175335067
-193.0
-217.643928786
-256.806761352
-315.823664733
-338.016603321
-364.983996799
-387.978095619
-375.74324865
-338.858671734
-303.324464893
-260.421784357
-226.203340668
-197.108221644
-203.066613323
-165.199439888
-115.597019404
-75.3551710342
-37.0101020204
-5.17423484698
20.9563912783
4.48519703941
4.3675735147
0.942988597719
1.11942388477
8.85227045409
17.2661532306
50.8266653331
36.8020604121
25.5317063413
6.44588917784
3.11092218444
-18.5117023405
9.41298259652
23.1153230646
64.0149029806
55.9967993599
66.1539307862
124.49489898
136.291958392
186.058211642
213.120124025
294.785757151
323.901280256
438.977795559
467.134026805
630.26125225
414.278955791
180.888177636
-22.1274254851
124.553710742
309.913682737
238.99769954
104.763652731
-43.4548909782
-78.825265053
-184.920584117
-260.661532306
-364.862172434
-324.044208842
-237.718843769
-84.5710142028
-93.3269653931
-134.425785157
-169.296259252
-121.924784957
-45.7684536907
100.793458692
272.185237047
337.063012603
250.557611522
324.863072615
360.485597119
357.456391278
227.799459892
212.885677135
348.775355071
363.286357271
304.684836967
167.581716343
12.0475095019
-67.4692938588
-146.478695739
-109.4944989
-140.873274655
-183.573414683
-194.337867574
-210.265753151
-207.01220244
-272.675735147
-284.619323865
-279.133126625
-180.831366273
-53.1323264653
32.150930186
23.8985797159
23.9032806561
15.6283256651
73.6897379476
88.050810162
154.676635327
195.147129426
217.74844969
192.631226245
147.00520104
19.1301260252
-76.7286457291
-122.473894779
-106.937487498
-138.986697339
-209.704140828
-250.559911982
-321.129125825
-378.190938188
-405.578615723
-391.801560312
-397.430686137
-362.112022404
-285.363872775
-228.381076215
-255.111022204
-246.896679336
-216.320764153
-154.420984197
-117.338067614
-34.4037807562
13.3070614123
12.9434886977
-0.853870774154
22.100020004
16.3276655331
-27.5192038408
-21.1225245049
6.68953790757
37.0038007602
11.4645929186
-4.74664932987
-24.5215043009
-48.2033406681
-55.1641328266
-19.0
-14.2349469894
23.3789757952
1.31686337267
43.2519503901
43.2866573315
59.0062012402
90.0336067213
155.807861572
221.924384877
266.581416283
315.735747149
377.668833767
435.4989998
489.921084217
542.440388078
480.044008802
198.369673935
-6.32286457291
102.99429886
281.108121624
259.178935787
34.9915983197
-78.6337267453
-146.035807161
-187.277555511
-302.346969394
-313.611222244
-336.763352671
-241.113422685
-132.946989398
-86.7794558912
-114.727945589
-163.662232446
-58.3581716343
-6.14552910582
156.266053211
300.853870774
375.293158632
318.485697139
296.643028606
385.546609322
370.047209442
275.383076615
245.605421084
328.5105021
377.713042609
243.695439088
132.449289858
-13.8107621524
-101.619323865
-155.569713943
-155.191738348
-142.667833567
-211.580116023
-225.687937588
-228.091018204
-234.843968794
-262.468793759
-271.885577115
-218.336867373
-136.231646329
5.0024004801
71.8640728146
70.2347469494
53.7919583917
72.1915383077
131.270454091
152.714942989
198.165033007
225.50120024
231.820064013
197.161632326
138.079815963
43.6331266253
-89.2318463693
-138.310862172
-112.568013603
-96.7220444089
-163.125025005
-266.972994599
-331.134426885
-417.99329866
-447.347069414
-439.49519904
-379.802460492
-330.956391278
-260.304960992
-202.648429686
-209.567213443
-237.711642328
-216.796259252
-138.554110822
-61.5182036407
12.1345269054
67.1514302861
70.1228245649
19.9418883777
-1.19053810762
-5.12442488498
-28.701040208
-42.8314662933
1.42338467694
29.6969393879
-1.82576515303
-53.9658931786
-94.1562312463
-120.639027806
-119.837567514
-74.7832566513
-8.46919383877
-3.37147429486
13.9636927385
3.73564712942
13.8399679936
10.2626525305
37.00110022
112.065313063
208.947889578
271.203340668
360.386577315
332.455591118
389.394378876
424.063012603
501.476295259
629.356671334
506.342068414
244.465793159
-7.91298259652
104.016403281
282.196939388
209.412882577
-19.4081816363
-135.785957191
-140.561412282
-196.321364273
-304.618423685
-348.366573315
-345.74664933
-278.671234247
-145.909481896
-86.1014202841
-90.6237247449
-106.468293659
-40.8799759952
69.1590318064
164.766753351
350.207741548
395.621624325
341.633926785
339.727145429
417.484896979
412.309261852
288.860872174
229.780956191
349.403580716
319.4979996
217.294358872
60.6853370674
-27.3385677135
-122.107421484
-196.524004801
-181.75105021
-201.212842569
-245.582216443
-267.5070014
-239.380576115
-227.086617323
-254.322564513
-238.874974995
-170.766553311
-85.9080816163
42.5934186837
100.653630726
111.25715143
102.74254851
142.547409482
207.308761752
209.429785957
203.031106221
215.093518704
217.629025805
193.450590118
115.089517904
39.49979996
-43.8390678136
-99.9199839968
-112.534206841
-135.929285857
-209.183636727
-294.469093819
-352.735147029
-375.227745549
-404.214642929
-409.390178036
-384.609521904
-328.355171034
-256.209141828
-208.669933987
-182.110322064
-174.053010602
-146.818163633
-74.200440088
-11.8694738948
34.7285457091
51.8653730746
61.6081216243
57.7623524705
37.8207641528
11.9912982597
-16.3976795359
-32.8089617924
-29.301160232
-21.5
-58.648829766
-103.00060012
-132.730046009
-129.164932987
-130.797859572
-105.691338268
-55.3786757351
-35.8452690538
-30.4545909182
-20.4454890978
20.1416283257
42.8028605721
48.8128625725
129.50420084
196.096219244
267.157331466
288.963392679
338.582416483
362.952290458
405.144228846
451.391378276
553.044808962
637.49369874
484.23854771
153.826965393
-67.1637327465
14.8937787557
232.51020204
140.969693939
-52.950190038
-181.424484897
-199.674834967
-235.845569114
-369.701240248
-400.276655331
-348.300160032
-227.908981796
-115.885277055
-51.6729345869
-51.1870374075
-41.8144628926
-17.8729745949
80.5792158432
239.73874775
420.155231046
449.527805561
382.046909382
380.839067814
431.432986597
365.923084617
241.138327666
213.23934787
309.603720744
280.893878776
153.827465493
5.50830166033
-105.033806761
-202.388777756
-270.670134027
-241.956891378
-238.960292058
-252.713042609
-250.235347069
-232.440588118
-216.637427485
-239.0
-198.803360672
-112.482596519
-2.72984596918
119.906781356
170.929385877
167.096219244
158.866173235
186.086617323
222.125825165
220.702640528
224.188337668
239.075815163
220.48809762
152.830966193
53.300260052
-40.3966793359
-115.812662533
-147.171834367
-140.630226045
-157.429085817
-212.768853771
-288.586217243
-327.816663333
-324.047309462
-336.4989998
-345.924384877
-317.670034007
-231.420684137
-166.222944589
-148.911182236
-151.049109822
-138.201640328
-107.819163833
-41.699739948
31.2461492298
64.4831966393
42.3469693939
33.6620324065
34.1129225845
4.65983196639
-33.3281656331
-44.049209842
-46.5131026205
-52.324064813
-55.5166033207
-84.0908181636
-140.528705741
-186.403980796
-166.819763953
-129.272154431
-119.828065613
-89.4554910982
-51.5441088218
-6.64342868574
6.19873974795
8.0349069814
23.5013002601
38.4834966993
121.591818364
175.706241248
244.00270054
226.779455891
257.521704341
280.337467493
319.673434687
350.674734947
377.663732747
433.879175835
502.49629926
568.453290658
407.932586517
50.4472894579
-186.277355471
-88.9926985398
135.392778556
87.8462692539
-77.0585117023
-201.274554911
-234.824264853
-291.49919984
-378.974294859
-366.332366473
-301.866873375
-168.088717744
-47.8419683937
31.5916183237
2.88907781557
-18.6323264653
4.80826165233
84.7763552711
285.839567914
444.460892178
475.851870374
369.932086417
347.23884777
364.972094419
263.823164633
172.320264053
154.774254851
254.51020204
201.730346069
83.1676335267
-47.3096619324
-176.836367273
-277.453990798
-321.641728346
-251.634926985
-225.820564113
-228.212342468
-218.543408682
-201.399579916
-189.50170034
-202.334466893
-150.453890778
-57.6391278256
64.3933786757
176.50740148
214.352770554
180.802660532
152.26185237
169.807261452
189.366673335
195.224544909
199.25575115
199.639127826
154.341168234
65.7458491698
-17.9287857572
-113.353170634
-184.165633127
-210.487097419
-178.713542709
-177.923884777
-214.775555111
-263.066913383
-290.217443489
-288.419283857
-281.422084417
-231.731746349
-171.75315063
-107.602120424
-67.8769753951
-87.9176835367
-108.25975195
-112.766753351
-66.7982596519
-3.60692138428
41.1614322865
64.4198839768
38.4479895979
0.108821764358
-37.8697739548
-64.7277455491
-89.7677535507
-97.1384276855
-76.7282456491
-66.5
-87.7173434687
-130.283756751
-171.154230846
-186.865573115
-176.602220444
-134.717643529
-91.973994799
-60.4031806361
-46.2177435487
-21.1827365473
-3.14572914583
21.1401280256
39.1693338668
71.8902780556
112.036507301
179.280356071
187.788857772
192.694538908
176.553810762
213.813762753
231.669333867
275.394778956
288.25165033
322.043308662
362.0
384.655331066
464.367973595
425.428885777
116.383576715
-179.271954391
-200.205541108
41.2296459291
156.584916983
-30.4552910582
-181.23884777
-229.772754551
-245.555611122
-319.356671334
-323.49089818
-275.582316463
-156.75855171
-38.2534506901
19.1101220244
32.9688937788
7.5949189838
6.66313262653
69.0968193639
210.108021604
373.167233447
458.808261652
345.901180236
285.050310062
288.75795159
250.042608522
145.090318064
93.099319864
183.529005801
190.24144829
81.2454490898
-50.8034606921
-154.147929586
-248.235247049
-297.00620124
-251.812962593
-197.058111622
-185.309661932
-192.092718544
-170.823464693
-150.683636727
-166.402480496
-133.486497299
-46.9166833367
54.2881576315
169.043008602
210.094518904
188.545609122
146.623124625
143.268753751
172.75085017
173.794858972
167.626525305
171.638827766
139.837167433
61.2950590118
-24.8046609322
-101.662232446
-167.75525105
-196.468293659
-169.637427485
-140.202940588
-164.50260052
-216.088117624
-241.671934387
-237.421584317
-219.624324865
-180.24914983
-127.874374875
-72.5155031006
-34.4063812763
-14.8672734547
-22.74954991
-49.874374875
-56.75035007
-28.0407081416
7.34216843368
21.6332266453
4.43918783757
-20.8343668734
-53.1222244449
-79.8729745949
-102.935987197
-119.201640328
-120.016103221
-107.478095619
-98.125725145
-116.230146029
-148.824264853
-164.834866973
-155.00270054
-133.348469694
-96.9597919584
-67.5364072815
-37.8461692338
-33.6724344869
-11.1467293459
14.4407881576
36.0553110622
72.3398679736
89.7918583717
120.935987197
133.847669534
136.976295259
149.692038408
141.344168834
188.99639928
168.407081416
246.135127025
204.966193239
271.661132226
273.389877976
298.428185637
377.776855371
390.054210842
359.397579516
-25.9021804361
-186.233346669
-156.025705141
138.99079816
102.923684737
-54.6771354271
-167.633626725
-194.599019804
-199.26095219
-314.674034807
-258.595919184
-206.338067614
-82.2875575115
-20.8821764353
53.7314462893
34.8321664333
12.5926185237
18.4837967594
77.5939187837
257.150930186
374.00940188
392.4979996
280.066013203
231.898079616
238.173234647
181.959491898
86.7931586317
100.382576515
170.539907982
139.917783557
12.6702340468
-82.6819363873
-172.635927185
-249.397479496
-271.571314263
-206.75845169
-148.783056611
-165.767453491
-150.622224445
-143.571214243
-132.624524905
-136.447889578
-85.2359471894
17.024204841
108.778355671
188.0040008
191.635127025
161.171334267
123.979095819
149.898379676
153.74154831
151.367573515
147.832966593
141.106821364
98.5473094619
6.65823164633
-64.7541508302
-136.191438288
-172.421484297
-177.24184837
-136.902980596
-125.177235447
-174.532806561
-199.898479696
-210.230846169
-180.729245849
-159.039407882
-97.8868773755
-38.675135027
13.7821564313
44.1084216843
57.473894779
35.2381476295
-2.61842368473
-0.985897179438
22.4527905581
29.9651930386
-1.2800560112
-32.7920584117
-60.7363472694
-103.75395079
-141.224044809
-157.304060812
-165.625725145
-166.801160232
-151.648029606
-139.23984797
-158.807161432
-171.292458492
-157.192638528
-130.684636927
-104.111522304
-73.4113822765
-45.0589117824
-39.0671134227
-28.1311262252
-12.8874774955
-0.5
2.21084216843
25.099219844
74.5220044009
105.096719344
100.639627926
72.8270654131
60.6118223645
50.2386477295
88.8282656531
93.5619123825
129.622024405
118.783956791
147.523104621
159.871774355
199.208341668
184.938987798
261.570914183
286.26085217
371.73894779
438.433486697
257.379875975
-29.550210042
-228.351270254
-36.2840568113
150.382076415
115.658431686
-88.2553510702
-137.193338668
-153.696939388
-238.841368274
-293.00920184
-272.295059012
-177.817263453
-98.4269853971
-14.8847769554
21.9587917583
6.84086817364
-46.0842168434
-13.8956791358
92.2179435887
250.918083617
370.550810162
321.328965793
255.526205241
235.427185437
228.623124625
142.329265853
83.4557911582
125.015103021
181.908881776
116.297459492
-0.223744748929
-89.875275055
-192.583416683
-269.484296859
-254.825965193
-175.349269854
-146.418283657
-166.919883977
-155.543408682
-133.25895179
-135.680636127
-139.134426885
-63.3136627326
28.7198439688
132.908381676
187.069713943
189.891778356
147.055811162
126.478095619
137.382776555
145.0
149.038807762
152.058411682
137.868773755
71.0630126025
-13.9297859572
-79.1153230646
-141.281056211
-180.333966793
-163.24154831
-117.095819164
-126.565513103
-169.201240248
-197.977495499
-184.962892579
-170.198639728
-125.184736947
-61.1221244249
0.4126825365
33.7532506501
53.1774354871
62.0599119824
50.2551510302
38.8775755151
56.99989998
50.4976995399
30.6205241048
-7.62852570514
-42.9775955191
-88.6697339468
-130.102520504
-155.068913783
-174.603020604
-181.732346469
-176.677335467
-167.654330866
-178.330966193
-188.891578316
-174.304460892
-150.393878776
-123.045309062
-90.5333066613
-63.0388077616
-51.5369073815
-45.4097819564
-22.7699539908
-6.94058811763
-7.07651530306
-1.79445889178
9.67013402681
25.0785157031
44.4395879176
65.9228845769
53.6896379276
28.6048209642
14.9264852971
41.3285657131
35.0
63.9399879976
50.2073414683
95.1850370074
87.7388477696
124.828065613
173.49439888
174.25415083
229.770354071
252.910982196
359.609321864
419.912682537
368.99569914
49.6982396479
-159.848769754
-140.782556511
114.612022404
155.712842569
-20.6042208442
-134.592918584
-162.971194239
-204.831266253
-317.785257051
-292.232246449
-234.51160232
-138.140628126
-79.2090418084
-18.6633326665
19.7565513103
-42.2423484697
-50.9051810362
30.2616523305
209.084316863
331.098519704
350.850770154
271.065013003
243.851270254
221.688037608
160.678035607
99.0193038608
106.335867173
167.321264253
129.078315663
28.3724744949
-74.0178035607
-166.812362472
-257.481996399
-285.946989398
-200.946389278
-159.046509302
-157.308461692
-163.636227245
-131.803260652
-132.779755951
-139.951790358
-87.4594918984
16.2135427085
119.127425485
181.538207642
196.596819364
170.160732146
136.566713343
136.771254251
141.0
145.159931986
141.5
131.809261852
82.1898379676
1.09481896379
-80.0584116823
-140.475095019
-187.209541908
-178.450390078
-137.01210242
-125.0085017
-160.350670134
-189.836867373
-186.585117023
-169.854970994
-134.24434887
-65.1851370274
2.38047609521
45.5904180836
63.8595719144
78.4765953191
71.4570914183
61.9531906381
73.2925585117
97.1092218444
90.3680736147
36.1829365873
-31.5720144029
-75.9627925585
-110.862072414
-139.297559512
-190.793658732
-213.679435887
-213.037207441
-202.684036807
-211.470594119
-228.483696739
-222.598919784
-208.723344669
-156.948489698
-114.066913383
-77.8804760952
-66.825865173
-53.6914382877
-23.9832966593
-10.5443088618
-3.30106021204
-5.87977595519
-0.00180036007214
-0.776555311061
6.46029205841
4.57231446289
-9.9574914983
-6.74644928986
-0.909181836367
3.77015403081
-15.8773754751
-16.423784757
-26.5
-5.10072014403
15.4305861172
40.1596319264
64.3851770354
78.2891578316
147.538507702
162.596219244
217.534506901
230.157631526
312.528705741
361.49989998
427.377975595
401.026205241
97.9385877176
-128.559411882
-136.931186237
124.155531106
146.056911382
-18.74984997
-153.466793359
-183.543608722
-219.066413283
-347.791658332
-323.106121224
-258.731746349
-166.74384877
-102.339967994
-16.0819163833
11.1427285457
-26.7449489898
-42.0710142028
45.149429886
234.901080216
359.621824365
380.481796359
301.902680536
275.649729946
253.083216643
186.23994799
126.25675135
120.934786957
169.898879776
106.818463693
21.8936787357
-69.6922384477
-176.540108022
-280.735447089
-311.318663733
-219.034406881
-176.452090418
-173.071314263
-170.715843169
-149.055011002
-133.569213843
-131.293958792
-55.9215843169
38.3955791158
131.987597519
189.574114823
214.281956391
194.75175035
158.75115023
150.931886377
149.040708142
147.0
147.5
132.74894979
68.2314462893
-16.6902380476
-96.0947189438
-157.858771754
-205.585417083
-199.948189638
-158.472394479
-149.899079816
-176.095019004
-192.359671934
-177.785957191
-161.00230046
-129.416083217
-58.275755151
3.72374474895
50.5022004401
81.2183436687
100.512602521
95.5841168234
79.6435287057
82.4163832767
94.8165633127
99.5530106021
42.9224844969
-2.91208241648
-66.7965593119
-124.036207241
-184.24714943
-223.707541508
-222.302760552
-215.271554311
-206.75965193
-221.5090018
-229.838967794
-236.881776355
-212.116423285
-169.154930986
-113.866273255
-69.8923784757
-40.2081416283
-21.9189837968
-15.1424284857
-11.5
-11.8658731746
-6.16633326665
-3.12932586517
9.45549109822
8.72314462893
-16.0557111422
-46.1068213643
-66.4262852571
-56.5696139228
-30.9837967594
-13.1076215243
-20.8530706141
-47.0
-40.7798559712
-26.5384076815
-5.0
31.550910182
60.5701140228
130.370874175
135.089317864
201.960192038
208.769653931
250.442988598
286.99089818
344.596919384
429.557111422
416.070014003
221.964492899
-74.1693338667
-149.460892178
-8.72064412885
115.802660532
20.4063812763
-141.274554911
-189.128125625
-230.49489898
-311.211642328
-348.767453491
-276.25535107
-190.25335067
-116.470394079
-28.5123024605
46.9202840568
35.2040408082
-8.97299459892
40.7201440288
200.123224645
347.961892378
393.707841568
340.979795959
308.638927786
267.807661532
197.26195239
121.847769554
109.73944789
125.525705141
96.7786557312
23.2196439288
-60.051110222
-158.124724945
-267.211142228
-312.75245049
-254.25075015
-189.899279856
-168.184336867
-157.862272454
-119.878175635
-100.731346269
-100.621924385
-54.6896379276
35.3923784757
130.971894379
193.327565513
229.964592919
224.018903781
182.421484297
154.99129826
144.24074815
138.164732947
124.175435087
106.912182436
63.0435087017
-13.50080016
-97.6909381876
-166.682236447
-214.146629326
-220.193738748
-182.707441488
-158.619723945
-167.645929186
-182.221344269
-173.683736747
-154.232146429
-123.398079616
-60.4060812162
8.9871974395
58.0571114223
91.1362272454
113.730846169
111.191138228
86.1036207241
83.3394678936
88.5457091418
84.575815163
62.6021204241
29.1468293659
-27.2023404681
-124.091218244
-195.035207041
-229.589017804
-232.983296659
-236.598019604
-234.74154831
-229.820864173
-241.5
-231.49859972
-214.166233247
-179.073714743
-140.072714543
-82.5448089618
-31.3214642929
-3.4873974795
1.72064412883
2.14562912583
-3.87777555511
-5.59881976395
-0.150830166032
8.14932986597
0.185737147429
-19.4687937587
-56.7819563913
-87.5275055011
-102.876675335
-92.8424684937
-74.5133026605
-53.6530306061
-51.9631926385
-55.9093818764
-58.5297059412
-45.0564112823
-17.4849969994
20.9808961792
64.6915383077
105.595419084
138.819563913
178.062012402
196.51220244
244.630526105
264.323764753
324.801460292
355.547909582
399.375375075
381.814662933
143.24854971
-73.4971994399
-173.603320664
4.83856771353
66.7654530906
-32.8795759152
-164.135727145
-214.542408482
-230.279155831
-340.213142628
-316.99069814
-251.480496099
-151.981596319
-92.624324865
2.87657531506
75.8601720344
49.9201840368
26.5456091218
78.4892978596
252.034806961
355.926485297
386.50390078
338.904880976
293.083416683
242.477895579
141.847669534
103.959691938
83.3793758752
93.3109621924
37.8928785757
-22.3624724945
-83.5813162632
-194.321964393
-282.638827766
-307.450790158
-228.114422885
-184.206441288
-154.542608522
-120.635627125
-84.2456491298
-74.799259852
-78.6669333867
-10.0082016404
72.8829765953
151.099319864
202.971294259
232.610422084
218.215843169
162.013802761
133.779955991
119.819763953
106.24934987
88.1636327266
64.4525905181
24.6087217444
-51.8440688137
-127.24194839
-188.202640528
-225.460592118
-216.313362673
-181.774454891
-152.563212643
-150.843468694
-154.156331266
-145.079415883
-126.048009602
-90.6524304861
-28.3803760752
30.424384877
80.0429085817
104.584516903
121.342568514
101.722344469
81.1265253051
71.2115423085
67.9389877976
44.4825965193
-4.72804560911
-32.949689938
-65.2123424685
-120.909581916
-187.395679136
-224.886577315
-233.00060012
-232.462492498
-223.392878576
-221.5
-215.907281456
-206.264552911
-173.697739548
-134.859471894
-98.0683136627
-67.3919783957
-28.601120224
-3.05931186237
9.96659331867
14.601120224
2.47509501901
-11.3170634127
-19.875475095
-17.5
-31.1815363073
-49.8313662733
-72.3031606321
-97.4529905981
-115.042008402
-114.708641728
-102.378375675
-89.4683936787
-74.974594919
-52.5035007001
-38.6544308862
-34.9518903781
-17.0263052611
19.5218043609
68.9804960992
105.371574315
143.328965793
160.727545509
167.561112222
207.727445489
219.573114623
275.099019804
270.117623525
316.654330866
330.291558312
315.944988998
151.538307661
-79.7862572515
-176.454290858
-90.8670734147
30.3378675735
-37.9958991798
-151.768453691
-214.312862573
-219.135427085
-275.985497099
-284.23964793
-194.559211842
-121.24134827
-46.9458891778
18.0358071614
112.319663933
93.9339867974
49.5613122625
86.2196439288
220.558211642
321.962992599
343.363972795
304.120324065
260.103820764
191.899079816
104.333566713
62.7709541908
53.9638927786
40.3331666333
0.631226245251
-38.6564312863
-80.6649329866
-183.557111422
-255.414282857
-271.078015603
-213.627025405
-157.642628526
-127.051210242
-77.4325865173
-50.174934987
-45.9650930186
-48.5575115023
3.21424284857
77.2805561112
137.890778156
185.268853771
206.903680736
190.50110022
133.911582316
104.121324265
85.2034406881
69.3872774555
43.2702540508
27.1919383877
0.157931586313
-60.7865573115
-127.194238848
-179.116123225
-205.477295459
-203.164132827
-166.546009202
-131.173634727
-119.346669334
-125.175735147
-115.946389278
-93.24894979
-62.8374674935
-13.298459692
36.324664933
76.3629725945
98.0017003401
102.706241248
83.5970194039
37.6879375875
10.1957391478
3.99659931986
31.0383076615
30.3378675735
-11.0596119224
-88.2088417683
-152.381176235
-188.148529706
-212.326965393
-209.595019004
-191.535707141
-167.5
-165.972194439
-170.608521704
-170.881976395
-167.126925385
-148.691838368
-89.6190238048
-28.6786357272
5.95919183836
8.8473694739
1.41118223645
-18.6030206041
-31.799159832
-33.6398279656
-25.8467693539
-24.2537507502
-28.7855571114
-45.3034606921
-80.24934987
-119.203940788
-143.0
-135.960792158
-109.878875775
-83.2735547109
-61.8399679936
-55.7931586317
-37.4552910582
-28.049309862
-14.2036407281
4.77335467093
41.5037007401
84.4384876975
120.393778756
143.426185237
153.771354271
145.929285857
142.878275655
178.100420084
198.26145229
228.189637928
234.408981796
239.129825965
240.825965193
224.316863373
189.345369074
22.1396279256
-107.73794759
-139.443988798
-21.1956391279
9.67893578717
-66.25165033
-128.927385477
-154.470694139
-166.409181836
-202.427385477
-138.194338868
-65.1094218844
-17.7794558912
28.3850770154
95.8532706541
129.077415483
89.3780756151
79.9285857171
150.839167834
232.667433487
265.973594719
255.037907582
214.049409882
166.218743749
94.8683736748
47.0301060212
32.7599519904
20.3218643729
3.59261852371
-22.5844168834
-41.2804560912
-96.5451090218
-161.918283657
-189.114622925
-159.347869574
-109.546609322
-85.9295859172
-51.2709541908
-18.6564312863
-9.03140628126
-9.00770154031
13.2799559912
59.9360872174
89.1969393879
128.711442288
158.99889978
158.895179036
112.99389878
73.525305061
59.3027605521
41.8022604521
21.1843368674
10.1857371474
-3.20654130826
-39.8536707342
-82.0152030406
-110.087117423
-139.631626325
-150.73864773
-136.150730146
-101.645229046
-78.0024004801
-73.3408681736
-68.0133026605
-55.0047009402
-41.1287257451
-17.0702140428
14.0975195039
38.9383876775
48.2090418084
52.4196839368
52.9445889178
33.7845569114
6.37977595519
-10.8862772555
-17.2691538308
-16.950990198
-37.199939988
-63.8138627726
-94.3903780756
-126.719443889
-153.26015203
-173.984496899
-167.976495299
-152.799959992
-128.817263453
-115.190838168
-105.820464093
-94.4125825165
-89.8303660732
-71.6103220644
-47.8590718144
-22.601020204
-11.0037007401
-1.0
-1.39327865573
-12.8040608122
-27.8227645529
-47.0955191038
-59.5362072415
-62.3133626725
-64.7902580516
-71.0293058612
-88.75025005
-102.51120224
-109.794658932
-105.395179036
-91.4644928986
-76.6044208842
-52.6793358672
-31.7698539708
-9.37597519503
5.8475695139
22.626225245
30.2189437888
48.2717543509
67.6701340268
89.0094018804
115.055311062
128.356671334
131.533206641
124.789557912
121.662732547
128.133526705
148.166733347
157.99419884
166.799159832
170.327665533
162.798059612
176.99929986
178.456491298
135.370274055
31.8943788758
-56.8172634527
-41.825165033
4.04260852169
10.0545109022
-23.3157631526
-46.3081616323
-54.799059812
-71.7914582917
-80.799659932
-44.6651330266
-16.9080816163
1.22834566913
47.1287257451
92.8897779556
102.887977596
74.4409881976
79.274454891
116.075515103
143.99289858
159.456991398
161.703240648
144.151930386
106.808361672
58.0157031406
38.3438687738
24.7814562913
9.12142428486
1.5
-4.16033206641
-19.799459892
-52.4782956591
-82.3197639528
-89.8555711142
-80.6299259852
-65.2595519104
-43.8146629326
-13.8116623325
0.967493498698
5.3824764953
8.09231846369
16.0342068414
32.075715143
44.7264452891
72.4536907382
82.0
79.5581116223
52.7025405081
32.101120224
21.0382076415
-2.10822164433
-15.0637127425
-27.1339267854
-36.5023004601
-40.3834766953
-49.0285057011
-68.125025005
-98.6333266653
-107.036807361
-90.6382276455
-69.2391478296
-56.3227645529
-45.775955191
-41.2430486097
-41.7274454891
-32.2414482897
-18.275555111
-8.0
-1.1650330066
9.12642528506
21.7323464693
15.7093418684
0.718343668736
-15.5214042809
-23.6786357271
-35.6651330266
-44.8592718544
-59.3154630926
-73.4279855971
-88.0297059412
-98.6110222044
-109.670134027
-120.74034807
-133.172534507
-129.661532306
-109.047909582
-82.2471494299
-63.1714342869
-60.0
-55.0121024205
-46.8217643529
-41.8215643129
-30.4763952791
-26.9373874775
-20.2219443889
-23.3718743749
-26.4514902981
-38.0810162032
-57.6214242849
-70.7966593319
-71.4971994399
-71.475195039
-68.6827365473
-70.0716143229
-73.0
-73.5570114023
-65.7884576915
-59.0608121624
-47.2045409082
-28.6265253051
-8.31306261252
10.5413082616
30.1075215043
37.9628925785
35.2236447289
37.0683136627
54.7954590918
70.1966393279
79.7302460492
88.0768153631
93.7073414683
87.3309661932
82.3224644929
84.7328465693
89.5631126225
94.224344869
105.73994799
110.411082216
114.843268654
107.893378676
112.00590118
125.589817964
119.414682937
33.0332066414
-34.6068213643
-38.4354870974
42.4632926585
89.2789557912
58.6286257251
20.9576915383
-4.35437087418
0.330966193241
-5.48439687938
14.0546109222
24.0416083217
39.8458691738
64.7600520104
93.0338067614
82.2517503501
33.6165233047
9.78605721144
25.2553510702
69.7378475695
82.6449289858
81.4389877976
56.5567113423
23.9396879376
0.710842168439
-12.0430086017
-3.11772354471
-2.05341068214
13.6442288458
21.4524904981
23.2550510102
-2.49509901981
-26.4165833167
-32.9538907782
-18.3422684537
2.29055811162
11.0544108822
18.2794558912
23.1158231646
11.8134626925
1.60682136427
-8.73334666933
-8.00900180036
-3.65953190639
9.71424284856
22.0
8.09851970394
-13.9950990198
-27.7943588718
-34.3411682336
-32.6120224045
-30.5326065213
-26.1881376275
-25.823864773
-21.6165233047
-20.9389877976
-34.7532506501
-45.1927385477
-51.5
-33.0722144429
-16.8951790358
-8.89807961592
-13.8579715943
-21.825165033
-24.1955391078
-32.0
-26.0605121024
-29.0527105421
-27.9101820364
-32.925785157
-43.2362472494
-51.3279655931
-54.9725945189
-62.9527905581
-72.4980996199
-72.4417883577
-65.9649929986
-67.1518303661
-74.9337867574
-73.5
-76.2564512903
-78.1044208842
-70.6141228246
-58.4951990398
-53.5799159832
-50.9122824565
-51.4044808962
-48.2066413283
-49.0555111022
-50.5
-48.8732746549
-48.7690538108
-49.7116423285
-51.150130026
-56.526205241
-59.3286657331
-62.6735347069
-68.3186637327
-68.5
-68.7122424485
-65.2952590518
-62.224744949
-55.6779355871
-53.8688737748
-52.2921584317
-48.7937587517
-35.7360472094
-24.9438887778
-16.6642328466
-10.575315063
-0.303460692141
9.53390678135
16.6934386877
23.1938387678
25.5581116223
18.7129425885
17.3295659132
24.3373674735
29.4161832366
24.9410882176
23.7215443089
27.7371474295
28.7472494499
35.9208841768
34.5802160432
41.3986797359
41.6469293859
52.6615323065
57.3463692739
60.3450690138
64.2551510302
66.7329465893
79.0439087818
89.2353470694
95.8199639928
98.4333866773
103.841568314
102.552810562
88.9783956791
69.400980196
59.9663932787
59.024604921
56.5
51.3391678336
51.5960192038
47.6651330266
40.800260052
29.0714142829
31.4207841568
26.4129825965
25.0430086017
31.8209641928
40.1625325065
41.4728945789
41.6178235647
36.6338267654
31.3583716743
34.0460092018
40.4716943389
40.8349669934
42.9629925985
39.5968193639
33.8040608122
23.6263252651
23.775755151
17.0934186837
7.90178035607
8.59021804361
9.76475295059
4.04170834167
-2.75425085017
-3.03460692138
-11.8980796159
-18.0485097019
-17.9358871774
-14.3405681136
-11.0953190638
-14.6109221844
-13.3734746949
-12.6789357872
-18.9865973195
-15.9799959992
-7.43318663733
-11.4090818164
-12.5205041008
-6.5
-8.37837567513
-12.2669533907
-18.673834767
-22.3027605521
-28.3137627526
-31.8293658732
-32.9224844969
-33.1394278856
-35.0
-39.8376675335
-45.7684536907
-50.3844768954
-53.4385877175
-52.0687137427
-54.5302060412
-46.0219043809
-40.9994999
-42.5664132827
-52.4194838968
-51.5478095619
-49.3731746349
-47.5790158032
-48.3107621524
-44.6693338668
-43.7516503301
-47.1414282857
-47.9214842969
-51.0
-56.8764752951
-56.7961592318
-53.8902780556
-50.7649529906
-51.625325065
-56.0
-58.6409281856
-58.8923784757
-59.0
-57.3426685337
-50.6557311462
-45.1401280256
-46.124524905
-44.1089217844
-42.2033406681
-44.2888577716
-42.8431686337
-40.7267453491
-34.5618123625
-31.7729545909
-27.49909982
-22.726145229
-23.2342468494
-22.8206641328
-19.6559311862
-14.975895179
-7.93648729747
-1.0
2.43768753751
2.85927185437
1.68733746749
2.83596719344
6.03130626125
9.35157031406
14.7187437488
15.0702140428
21.874974995
21.2655531106
21.7188437688
19.3048609722
22.7185437087
25.4139827966
30.9217843569
34.0704140828
41.374774955
40.2192438488
37.3589717944
38.774454891
40.6570314063
43.5944188838
50.0
49.4839967994
51.50080016
57.5152030406
57.5154030806
52.5696139228
57.5620124025
53.6552310462
59.5932186437
61.8264652931
66.124424885
63.8599719944
59.2334466893
58.5856171234
58.6868373675
57.9048809762
59.1090218044
59.0
58.24924985
56.8378675735
55.6586317263
49.2039407882
49.5325065013
49.5
51.8428685737
53.3584716943
51.1870374075
46.6103220644
41.9867973595
36.7104420884
34.7182436487
35.9520904181
35.2984596919
39.0334066813
35.7516503301
32.2137427486
25.4397879576
21.2728545709
20.5
17.9230846169
21.0187037407
18.6081216243
17.0644128826
11.2213442689
9.6725345069
5.82366473295
2.65693138628
0.447389477896
1.5
0.732946589318
-4.74854970994
-10.2641528306
-16.7797559512
-19.7953590718
-20.3780756151
-15.9132826565
-14.3421684337
-15.8577715543
-17.8100620124
-21.3889777956
-26.9045809162
-30.800460092
-30.5642128426
-30.024304861
-30.5165033007
-32.0
-30.5018003601
-32.5138027606
-35.0294058812
-38.5900180036
-41.0
-38.0
-35.5918183637
-31.6074214843
-35.4305861172
-36.7079415883
-41.8457691538
-44.1698339668
-45.6854370874
-46.4973994799
-44.2833566713
-39.7677535507
-37.6196239248
-39.1048209642
-40.7790558112
-44.0
-43.3794758952
-42.6853370674
-36.5
-35.1785357071
-34.0683136627
-31.1117223445
-33.2019403881
-33.2902580516
-33.6947389478
-29.8732746549
-26.300560112
-19.7590518104
-18.7537507502
-17.0524104821
-15.5
-16.6835367073
-14.8801760352
-11.7122424485
-8.31776355271
-7.89327865573
-6.25535107022
-3.45689137827
-3.17323464693
-3.33456691338
-2.97289457892
-3.25085017003
-0.426085217044
1.59731946389
2.25285057011
2.5
6.6675335067
3.60302060412
8.90478095619
8.82516503301
13.8630726145
16.3563712743
21.3079615923
17.5562112422
19.9515903181
17.7969593919
20.9015803161
17.474994999
23.0172034407
26.4905981196
28.5
29.5186037207
32.0
31.0872174435
30.1184236847
33.1122224445
33.8643728746
35.1590318064
38.0608121624
37.7058411682
37.7707541508
34.5895179036
35.8159631926
32.799459892
31.7152430486
32.6542308462
34.6090218044
40.1069213843
34.4164832967
35.0
34.5
33.8377675535
34.1599319864
35.1778355671
34.8143628726
32.7737547509
34.701240248
34.1638327666
31.4157831566
29.326065213
25.8377675535
23.7597519504
23.7441488298
27.5
28.7909581916
27.7714542909
27.7207441488
29.574114823
23.2051410282
24.6973394679
22.5686137227
19.3182636527
22.5
20.6661332266
17.974994999
15.0484096819
13.9281856371
10.0397079416
9.99149829966
12.2386477295
8.83456691338
11.2925585117
9.0
8.32376475295
4.09841968393
-0.354970994198
-1.67643528706
-1.38617723545
-3.85267053411
-6.75215043009
-7.39947989598
-4.0
-5.8925785157
-9.97979595919
-13.4953990798
-8.5
-12.9600920184
-13.9577915583
-13.4132826565
-13.3164632927
-12.9109821964
-18.7384476895
-18.6202240448
-22.6358271654
-23.7728545709
-21.25055011
-20.9565913183
-20.7973594719
-21.3207641528
-25.5
-21.8774754951
-24.8696739348
-23.8618723745
-24.4377875575
-23.2686537307
-24.4845969194
-23.6773354671
-26.0314062813
-26.1301260252
-26.3072614523
-25.598919784
-25.125025005
-24.2838567714
-26.276055211
-22.4269853971
-20.2395479096
-17.7420484097
-18.7551510302
-18.2888577716
-17.0
-12.7785557111
-15.5727145429
-16.6175235047
-16.5941188238
-16.2390478096
-17.0
-14.849269854
-10.1668333667
-9.34096819364
-7.9073814763
-6.78685737147
-6.40688137628
-8.5
-7.1200240048
-2.11222244449
-2.29115823165
-3.19323864773
-2.5
-2.58101620324
-3.14642928586
-2.80376075215
-2.0576115223
-0.0996199239853
1.45799159832
4.0
3.92078415683
3.55581116223
4.45679135827
-0.990998199641
4.49519903981
6.47479495899
5.12242448489
8.05641128226
12.5360072014
9.21904380876
10.3967793559
10.7029405881
13.2311462292
13.725045009
15.6687337467
17.0
15.5984196839
16.7875575115
18.1579315863
19.7563512703
20.1296259252
18.5
18.5
21.0
21.5
20.8313662733
19.8528705741
19.6842368474
21.9601920384
21.899679936
24.5
27.7073414683
25.5
22.0
23.2611522304
24.2466493299
24.5
22.2622524505
23.0
19.9442888578
13.5
20.7065413083
22.1987397479
23.3090618124
21.2674534907
20.6233246649
20.9973994799
16.8194638928
19.0
18.7793558712
18.0
15.0
14.8963792759
18.6612322464
13.525605121
14.8053610722
15.2314462893
14.9182836567
9.29565913183
13.1322264453
11.7332466493
10.5
9.95729145829
9.10472094419
6.58131626325
5.53860772154
6.46549309862
7.98149629926
5.5
2.48809761952
1.05911182236
4.3349669934
0.464692938588
-0.456891378276
1.14362872575
-0.734846969393
-1.19953990798
-1.0
-1.08211642328
-1.76975395079
-0.902280456092
-2.10552110422
-3.67993598719
-4.74224844969
-1.01570314063
-5.22654530906
-6.28905781156
-7.30466093219
-4.46079215843
-5.66793358672
-10.5272054411
-5.96829365873
-8.76535307061
-9.79655931186
-10.7416483297
-13.7147429486
-10.3352670534
-12.5
-11.9525905181
-14.2378475695
-12.2387477495
-8.78465693139
-6.11612322464
-6.77715543109
-6.64512902581
-8.41448289658
-8.89887977596
-10.1167233447
-7.94848969794
-9.73224644929
-10.1682336467
-10.6791358272
-7.1526305261
-8.85517103421
-10.225945189
-8.62922584517
-7.48569713943
-11.1136227245
-10.0
-7.69603920784
-8.18043608722
-7.67033406681
-5.5
-3.40088017603
-4.67703540708
-3.44878975795
-3.5
-4.39317863573
-4.97219443889
-2.5800160032
-2.0
0.986797359472
1.99319863973
4.0
3.98099619924
5.0
1.96539307862
2.5
4.39957991598
4.05801160232
4.5
7.27915583117
6.16283256651
3.35687137428
5.59701940388
6.08071614323
6.1126225245
7.10212042408
8.12822564513
9.1801360272
11.4314862973
11.1065213043
11.5
11.6655331066
10.175035007
9.40298059612
7.97489497899
7.29375875175
9.53120624125
9.28595719144
14.774754951
16.0
16.0
17.7452490498
13.2469493899
14.7825565113
13.0373074615
11.5
14.2157431486
17.876175235
18.800560112
15.4229845969
16.1309261852
17.8534706941
17.6621324265
14.1445289058
14.6133226645
16.2910582116
16.5868173635
16.0
17.5115023005
19.1143228646
16.7456491298
17.1974394879
15.0909181836
15.25065013
15.3765753151
15.5
14.1194238848
11.7076415283
17.0
17.5363072615
14.0855171034
14.0414082817
12.5516103221
11.5204040808
13.4891978396
12.5
13.4633926785
12.9477895579
12.4321864373
10.5
12.3514702941
10.4426885377
9.80466093219
10.5
10.3385677135
4.5
2.19263852771
5.58351670334
2.27615523105
2.66193238648
2.0
3.68803760752
4.07061412283
2.04720944189
-0.634926985396
4.16733346669
2.77965593119
3.58931786357
1.93018603721
4.70904180836
2.47229445889
0.573314662934
-1.05771154231
-0.542108421685
-2.21024204841
-1.48909781956
-3.99529905981
-3.02030406081
-4.03590718144
-3.0
-3.28355671134
-2.95679135827
-3.3974794959
-3.42088417683
-3.75905181036
-4.1774354871
-3.83036607321
-3.64732946589
-3.65403080616
-5.0
-2.72314462893
-2.78375675135
-1.62282456491
-1.2300460092
-0.892778555711
-0.0994198839771
-0.274854970995
-0.916183236647
-0.423984796959
-2.0
0.120824164833
-2.18433686737
0.0
0.925985197038
-0.529205841169
-1.0
0.431986397278
0.00580116023229
-1.49199839968
-1.5
-0.911982396479
1.0
1.56641328266
0.541008201641
2.95119023805
3.22644528906
3.93558711742
4.14442888578
3.6799359872
3.85127025405
5.69123824765
5.29315863173
6.5551110222
7.38097619524
10.3658731746
10.8268653731
10.7878575715
9.65023004601
11.3160632126
10.6658331666
11.1527305461
9.77425485097
12.3645729146
10.9088817764
13.4096819364
10.7126425285
13.0591118224
13.0
13.2360472094
13.0123024605
11.9966993399
10.7405481096
10.2672534507
12.174834967
13.6314262853
13.0
11.2984596919
12.5
15.0
13.8906781356
11.3406681336
11.174934987
11.0
12.1469293859
12.8608721744
13.6313262653
11.7470494099
13.0
13.7158431686
11.800360072
11.2769553911
11.7535507101
9.69313862772
10.8621724345
8.12222444489
10.8933786757
9.04550910182
10.0377075415
10.5
5.58841768354
7.47139427885
8.97399479896
7.50130026005
5.50910182036
6.5676135227
7.04940988198
4.0650130026
6.95969193839
7.95189037808
6.0
4.8725745149
3.78605721144
1.15863172634
2.41288257652
3.0949189838
1.39727945589
0.610522104421
1.88167633527
2.37387477495
1.23214642929
-0.425185037006
-1.14952990598
-3.81466293259
-0.16973394679
0.327065413083
-1.36147229446
-1.56561312262
-3.58901780356
-3.31656331266
-5.0
-5.37897579516
-5.4101820364
-8.23534706941
-6.71574314863
-7.5
-7.25875175035
-5.29965993199
-6.04870974195
-5.21784356871
-8.2899579916
-8.09551910382
-6.88887777555
-5.4400880176
-9.89417883577
-8.34206841368
-7.66323264653
-9.39887977596
-8.35237047409
-9.58051610322
-8.0
-8.62422484497
-8.11642328466
-10.3913782757
-6.50410082017
-6.96509301861
-9.58521704341
-8.65483096619
-10.6392278456
-11.6236247249
-13.5
-9.54620924185
-10.9231846369
-7.53060612122
-7.43158631726
-9.0
-7.04320864173
-5.00060012002
-7.45799159832
-10.8703740748
-9.40398079616
-7.80916183237
-8.26235247049
-5.81036207241
-5.72394478896
-3.37397479496
-3.7875575115
-1.76415283057
1.0
-0.0289057811578
-0.510102020403
-1.21964392879
-2.14712942589
0.374574914983
0.399679935987
-0.423084616924
0.648829765953
0.813262652529
2.01340268054
0.172234446889
-0.680036007201
-0.624324864973
0.304360872175
1.31376275255
3.21124224845
2.78095619124
2.5926185237
2.56141228246
1.51510302061
0.75025005001
1.98389677936
2.46829365873
2.95269053811
2.0
4.5
4.20294058812
4.19513902781
4.93798759752
7.64092818564
4.15653130626
7.00820164033
5.37547509502
3.64832966593
0.421584316864
1.63272654531
3.12522504501
4.23424684937
4.28135627125
3.9923984797
5.625125025
6.41408281656
5.10942188437
5.0
5.8124624925
4.27355471094
5.0
6.80446089218
4.46869373875
1.02350470094
3.0
1.00790158032
-0.500100020005
-1.94608921785
-1.0
-1.97669533907
-1.0
1.0
-0.140128025605
-1.5
-4.37537507501
-4.9298859772
-6.0
-5.01430286057
-3.71944388878
-4.60132026405
-4.5
-2.85077015403
-5.0
-4.5
-4.5
-4.5
-4.96779355871
-2.99119823965
-10.8430686137
-5.14132826565
-5.18713742749
-7.27975595119
-4.09451890378
-8.13162632526
-7.06331266253
-9.0
-7.73394678936
-9.53300660132
-8.5
-10.0441088218
-9.93938787758
-10.9540908182
-8.5
-10.7114422885
-13.1109221844
-11.1083216643
-13.123924785
-10.8197639528
-8.65513102621
-9.32926585317
-9.52950590118
-9.85097019404
-8.35877175435
-10.7668533707
-10.5
-6.85347069414
-7.1699339868
-6.30666133227
-7.09441888378
-6.08661732346
-4.5
-6.5
-6.0
-6.77705541108
-9.09521904381
-6.03980796159
-10.0320064013
-6.04840968194
-4.59841968394
-6.0
-6.00160032006
-4.98599719944
-6.95559111823
-4.95479095819
-5.5
-4.80896179236
-4.40798159632
-5.44618923785
-5.06161232246
-6.06941388278
-6.5
-5.6700340068
-3.5
-3.70124024805
-2.28315663133
-0.232446489297
-1.87207441488
-2.29095819164
-1.55851170234
-2.41028205641
-4.15523104621
-2.17393478696
-1.4874974995
0.14272854571
0.0
2.38847769554
0.0
-1.16063212643
-3.93528705741
0.676335267053
0.0335067013402
0.982096419284
1.99539907982
1.7699539908
-0.0289057811551
-1.31676335267
-2.40028005601
1.5
2.09131826365
1.10692138428
3.5
4.04280856171
4.51940388078
5.33066613323
2.97259451891
2.09891978396
-0.0742148429672
1.9023804761
2.24734946989
1.97409481896
1.61072214443
1.60292058412
2.69023804761
2.76195239048
1.5
1.42828565713
0.563912782557
1.44388877776
0.951690338067
-0.0405081016206
1.09811962393
1.475095019
1.0
2.0
0.99849969994
1.4873974795
-2.01410282056
-1.52190438088
-2.02970594119
-0.575015003
-1.09061812362
-2.7124424885
-0.0609121824364
-0.206141228246
0.576515303061
0.337267453491
-1.5
-0.800160032008
-0.323164632925
-3.0
-1.3699739948
-0.106621324266
-1.0
-3.64672934587
-3.03640728146
-2.66233246649
-5.65973194639
-5.25445089018
-7.25705141028
-3.61292258452
-3.60402080416
-2.3725745149
-0.415283056613
-0.674234846969
-2.37217443489
-2.09651930386
-2.50370074015
-2.48809761952
-3.4174834967
-3.45689137828
-3.44128825765
-7.0
-2.5
-4.19723944789
-4.0
-2.5449089818
-5.0
-5.16603320664
-5.97469493899
-5.69913982797
-7.0
-9.73034606921
-6.24594918984
-4.0
-5.33146629326
-4.60362072415
-4.7125425085
-3.64792958592
-1.91978395679
-0.217243448689
-1.24154830966
-1.11362272455
-4.04900980196
-6.33516703341
-0.566813362673
-2.15363072615
-5.01780356071
-2.5
-3.49339867974
-2.0
-1.52680536107
-2.93638727745
-0.412982596521
0.926385277056
-2.32156431286
-1.79035807162
-1.87957591518
-1.20404080816
-1.15163032607
-0.5
-2.77425485097
-3.19843968794
-1.39297859572
0.270354070815
1.3773754751
-0.239147829567
0.691138227644
0.730146029205
0.807661532306
0.32326465293
2.16943388678
3.0
1.8700740148
2.5
0.700640128025
4.1675335067
1.7974594919
1.22404480896
1.96369273855
0.739647929586
1.7474494899
5.01050210042
6.26305261052
6.08341668334
3.61462292458
7.28645729146
6.88277655531
5.70824164833
5.0
5.5
3.65093018604
5.5
3.15893178636
1.84886977395
2.78665733147
4.68683736747
5.37227445489
6.23984796959
7.27575515103
5.70864172835
6.19303860772
8.08871774355
7.41908381676
5.64622924585
4.26125225045
6.7300460092
7.0
9.41618323665
5.67053410682
4.65783156632
7.57401480296
8.47859571914
4.5
5.9950990198
5.5
8.52050410082
5.97169433887
7.39167833567
6.41218243649
7.3448689738
8.94048809762
5.70194038808
6.5
7.41708341668
5.27215443089
5.69703940788
9.78735747149
5.5
2.5
5.37027405481
4.5
4.56401280256
3.65313062612
6.32186437287
3.6625325065
4.64692938588
1.68433686737
4.0
1.90018003601
2.87677535507
6.0
-1.0
3.42458491698
3.76105221044
2.50650130026
0.77275455091
-0.5
0.919383876775
0.0
0.785757151431
1.41288257652
1.0
-1.38167633527
-1.0
0.649529905981
0.0
-1.0
0.696339267854
1.28805761152
2.2724544909
-0.871574314863
-3.5175035007
-1.22564512903
-2.6050210042
-2.0
0.0
-0.326465293059
-0.147629525905
-1.26405281056
-0.883576715343
-1.10082016403
-1.0
-1.06961392279
-0.0540108021614
-0.0384076815371
-1.02280456091
-1.00720144029
1.00840168034
-2.0
-0.440588117624
0.0276055211043
0.464592918584
0.5
-0.44898979796
-1.1176235247
-1.0
-2.59531906381
-2.50670134027
0.819963992799
-0.804360872175
1.21124224845
0.886577315463
-2.37877575515
-0.612922584519
1.36317263453
0.710742148431
1.0
-1.03860772155
1.33606721344
0.851670334067
3.0
3.5
1.59771954391
-0.585917183436
3.0
1.44528905781
4.0
2.0
3.0
2.49229845969
0.476695339068
0.0
-0.55451090218
0.214942988598
0.878575715144
1.0
2.0
2.41868373675
3.35187037408
-0.168133626726
1.66033206641
-0.0848169633919
-1.5
2.0
1.62912582516
1.24264852971
-0.227045409083
1.0
1.60832166433
1.27035407082
2.16463292659
1.14902980596
2.56671334267
2.55891178236
2.20444088818
2.8700740148
2.0
1.16623324665
2.03980796159
0.0
0.00860172034481
-0.00700140027948
0.0113022604519
1.90448089618
-0.0538107621524
-0.465293058612
0.5425085017
1.89937987597
-0.941888377676
-0.263652730544
0.147429485896
-1.83696739348
1.35727145429
0.805761152231
-0.604920984197
-0.563612722544
-1.37947589518
0.0
-1.27225445089
-3.0
-1.10692138427
0.361872374477
0.0
-1.70054010802
-0.451190238048
-1.76295259052
-2.0
-4.17463492699
-3.42828565713
-5.88777755551
-6.31076215243
-4.475095019
-3.0
-4.25315063013
-4.0
-4.3874774955
-4.44688937788
-3.43128625725
-4.58431686337
-6.0
-5.38447689538
-5.55331066213
-5.64672934587
-5.0
-7.32206441288
-4.61292258452
-7.29085817163
-4.27525505101
-5.0
-6.24404880976
-2.22844568914
-3.39357871574
-2.80276055211
-4.81836367273
-0.498099619927
-4.69913982796
-1.40448089618
-3.88077615523
-1.65543108622
-4.91198239648
-2.0724144829
-4.94318863773
-5.95879175835
-5.0
-3.0200040008
-3.98879775955
-1.93638727746
-0.981596319264
-0.947589517904
-2.46599319864
-1.0
-1.35117023405
-1.0574114823
-2.0
-0.85397079416
0.161632326464
-0.5
-0.482096419282
0.104220844169
-0.387977595519
-0.739647929586
-0.25525105021
0.635427085417
0.356771354271
0.348969793959
-1.81766353271
-1.83336667334
-2.34886977395
-5.68223644729
-0.690038007601
-1.09351870374
-1.23384676935
-2.14032806561
-1.0575115023
1.0
1.23684736947
0.5
0.247549509902
0.698739747952
-0.5
2.0
0.0
0.5
-0.0985197039408
-1.27175435087
-1.18513702741
0.145329065812
1.49139827965
3.0
2.15393078616
3.56161232246
0.223344668933
1.73894778956
-0.113622724545
0.5
0.464392878576
2.20204040808
1.40848169634
2.58141628325
3.07591518304
1.5
-0.439687937587
-1.3949789958
-0.678835767154
2.38927785557
0.941788357672
0.0
1.0675135027
-0.0228045609147
1.49789957992
0.980196039209
0.482296459292
-0.52550510102
-0.0333066613321
-1.37667533507
-0.951090218044
-0.216443288658
0.193538707742
-0.283056611322
0.5
0.0
-1.61712342469
-3.08591718344
-0.333966793358
1.0
0.373074614923
0.634726945389
0.214942988598
-0.699339867973
-0.632526505302
-1.66373274655
-2.32626525305
-1.36307261452
-0.189337867573
-0.394278855771
0.590118023605
-2.71274254851
-1.10272054411
0.0
-1.47229445889
1.76815363073
-0.744748949792
1.0
1.46529305861
2.89937987598
-0.565913182636
0.20924184837
-1.0
-1.22544508902
1.0
-0.321964392879
-0.659531906382
0.0
-1.5
-3.70634126825
-3.72194438888
-3.475095019
-2.75315063013
-2.76875375075
-4.39217843569
-2.0
-1.18443688738
-2.33116623325
-3.0
-4.13762752551
-5.18303660732
-2.0
-5.0
0.462392478496
-0.529805961192
-1.0
-0.985797159432
0.480796159232
0.997199439889
1.49079815963
0.0510102020389
0.574414882975
0.869573914784
3.04040808162
2.0
4.33196639328
1.87237447489
0.713542708541
-0.158831766354
0.651130226048
-0.8099619924
1.48589717944
2.11062212442
1.11842368474
0.373774754951
0.0361072214437
0.574514902981
3.10222044409
1.18513702741
2.0
2.98089617924
2.63832766553
5.62272454491
3.08931786357
3.09151830366
4.63612722544
5.28015603121
3.04470894179
3.5
2.52700540108
3.00210042008
3.01770354071
2.200040008
2.04890978196
1.84676935387
1.5
1.90428085617
4.5
4.94038807762
6.67873574715
2.5
4.66313262653
4.81066213243
5.09011802361
5.0
3.89577915583
4.37587517503
1.91838367673
3.93408681736
3.70144028806
5.40708141628
3.67023404681
5.5
4.63902780556
4.25315063012
6.60782156431
5.68443688738
7.42338467693
5.5
3.52270454091
4.44038807762
3.5
4.50280056011
4.50850170034
5.5
3.59641928385
4.03190638128
6.61912382476
4.9524904981
4.94468893779
5.2475495099
2.78365673135
2.57871574315
1.5
1.97159431886
3.70424084817
1.3900780156
5.64682936587
7.75105021004
5.100020004
5.5
4.20214042809
5.87307461492
3.5
2.51700340068
4.04040808162
2.31206241248
1.32556511303
0.203540708141
0.5
0.5
-1.04610922184
0.0305061012205
0.470194038808
-1.00070014003
0.0163032606524
1.5
2.0
-0.5
1.07871574315
2.20284056811
-0.5
-1.75105021004
-1.14112822564
0.5
2.5
1.5
0.148229645929
2.85957191438
2.23474694939
1.37447489498
-0.382976595319
0.109221844369
1.5
2.21914382877
1.5
1.81206241248
2.64042808562
3.31276255251
3.28155631126
3.31276255251
-1.46099219844
-1.03120624125
0.5
0.984396879376
0.523404680936
2.0
