-4.0
-3.72304460892
-5.02310462092
-3.0
-3.01540308062
-3.0
-6.38447689538
-4.16913382677
-2.0924184837
-1.63862772555
-1.92298459692
-2.29235847169
-1.45379075815
-0.899879975995
-1.0
-0.115523104621
-4.37677535507
-2.23814762953
-2.43068613723
-4.32316463293
-4.0
-1.82346469294
-2.41528305661
-1.16143228646
-1.72274454891
-2.0
-0.70024004801
-1.70794158832
-3.17653530706
-1.63832766553
-1.38447689538
-4.4774954991
-3.87677535507
-4.0
-4.73814762953
-5.15433086617
-2.58411682336
-3.3924784957
-4.14632926585
-3.60072014403
-1.69193838768
-1.09211842368
-1.83826765353
-2.58441688338
-3.33886777355
-5.07671534307
-3.85427085417
-3.70704140828
-2.5
-3.6226245249
-3.27015403081
-7.28555711142
-1.0
-2.59181836367
-3.70794158832
-2.46179235847
-3.85307061412
-2.03050610122
-1.6700340068
-2.45439087818
-2.76895379076
-4.4848969794
-0.5225045009
-0.992598519704
-2.0
-3.49909981996
-1.7624524905
-4.9599919984
-3.52370474095
-2.01570314063
-4.92178435687
-3.09361872374
-4.27725545109
-6.0
-3.0
-4.38357671534
-3.91468293659
-1.7325465093
-4.49819963993
-4.71684336867
-4.73224644929
-4.31426285257
-3.0
-2.43038607722
-4.5
-5.15463092619
-2.0
-3.6700340068
-2.16113222645
-3.85097019404
-1.84656931386
-2.70084016803
-1.41708341668
-2.45939187838
-1.36197239448
-2.53670734147
-2.52130426085
-2.99409881976
-2.63212642529
-2.5
-3.5
-3.58321664333
-2.10722144429
-4.0
-3.10192038408
-2.15433086617
-3.59181836367
-4.01390278056
-2.0
-0.848669733947
-1.5
-2.79025805161
-2.72514502901
-3.44458891778
-1.12202440488
-0.192838567714
-0.893378675735
-1.20054010802
-2.40878175635
-0.79175835167
-1.53790758152
-3.92028405681
-4.78855771154
-1.0
-2.9549909982
-3.84326865373
-2.47039407882
-4.78285657131
-2.01420284057
-4.00650130026
-3.5024004801
-4.00890178036
-4.96679335867
-1.47569513903
-1.53200640128
-1.30956191238
-1.97629525905
-1.9448889778
-3.90578115623
-3.5
-3.07821564313
-4.03520704141
-3.64042808562
-1.5
-2.89097819564
-2.23344668934
-3.37557511502
-1.31606321264
0.639827965593
-2.0
0.344768953791
-0.325865173035
-1.32936587317
-2.5
-3.62792558512
-3.6125225045
-4.10072014403
-4.20914182837
-5.0
-4.58681736347
-3.38387677536
-3.78015603121
-4.24764952991
-5.87767553511
-3.28915783157
-5.07311462292
-4.86077215443
-5.28615723145
-5.64692938588
-5.70234046809
-4.57221444289
-3.77455491098
-3.64932986597
-2.33236647329
-3.5
-2.69553910782
-2.57811562312
-1.13682736547
-0.74174834967
-0.878575715143
-0.613722744549
-1.78795759152
-1.19663932787
-3.04530906181
-3.91708341668
-3.15043008602
-2.64872974595
-0.470094018804
1.55211042208
-1.45559111822
-0.536707341468
-1.47099419884
-2.02130426085
-0.5
-1.0
-3.49729945989
-4.51900380076
-3.96559311862
-0.975095019004
-4.0
-0.729845969194
-2.97599519904
-4.33356671334
-1.96829365873
-2.78555711142
-4.88177635527
-1.87977595519
-1.04710942188
-0.597119423885
-1.0
0.617323464693
-2.0625125025
-0.183636727346
-0.0702140428085
-1.32406481296
-0.422084416883
-0.841168233647
-0.342468493699
-0.5
-1.0
-0.347169433887
-1.29795959192
-0.854870974195
-1.45639127826
-0.862572514503
0.650730146029
-0.481096219244
0.49649929986
-0.622024404881
-1.73634726945
-3.88567713543
-1.27905581116
0.21324264853
0.0
2.0
2.30986197239
0.5
-1.34946989398
-1.16593318664
-0.98899779956
-3.69673934787
-4.39767953591
-4.13622724545
-5.18573714743
-4.39587917583
-0.306561312262
0.0
1.20114022805
0.635027005401
0.708841768354
2.46269253851
2.21654330866
1.47039407882
-0.44848969794
1.93428685737
-0.463892778556
1.01420284057
1.47929585917
4.97399479896
3.76855371074
1.00720144029
1.5
0.526705341068
0.81376275255
1.41698339668
1.0
1.0
-1.1126225245
-1.40398079616
0.0
0.960292058412
0.293558711742
2.81036207241
-0.506301260252
-1.27955591118
0.191038207642
2.5
2.0
2.0
4.14872974595
3.42178435687
0.835867173435
2.08591718344
1.16023204641
1.59361872374
-0.889877975595
0.101320264053
2.13102620524
2.06391278256
0.911382276455
2.88327665533
1.38827765553
3.62212442488
4.0
3.10362072414
4.0
1.77965593119
0.818963792759
3.6475295059
3.60552110422
2.03430686137
0.681836367273
-1.51120224045
2.5
1.32936587317
1.69793958792
3.32166433287
-0.296559311862
0.627925585117
2.12022404481
2.6624324865
3.89517903581
2.49279855971
-0.5
0.5
-2.03700740148
-2.5
0.970694138828
2.32636527305
3.52160432086
3.53550710142
3.51390278056
5.0
3.4875975195
2.49529905981
0.0
1.97859571914
0.527605521104
0.0
4.44928985797
1.27075415083
0.950790158032
-0.386177235447
0.435387077415
-0.572314462893
1.4599919984
0.5
1.0
-0.198439687938
0.0554110822164
1.57221444289
-0.810662132427
0.0
1.92918583717
1.5
1.92148429686
1.0
2.0
2.0
0.687837567513
1.15223044609
-0.195139027806
-1.57811562312
-1.43728745749
0.5
0.234046809362
0.370874174835
1.37637527506
1.13572714543
-0.367573514703
3.2725545109
2.29935987197
-0.393978795759
0.591318263653
0.696639327866
2.18893778756
1.90938187638
1.83676735347
0.75125025005
2.98719743949
3.0
2.32136427285
2.2299459892
1.25465093019
3.55981196239
3.19403880776
4.5
3.70174034807
2.58881776355
1.62832566513
2.0
1.71714342869
1.02900580116
1.72484496899
3.97869573915
1.9650930186
2.01360272054
2.25975195039
3.51180236047
3.74794958992
3.5
1.98869773955
0.50950190038
2.02670534107
2.44838967794
-0.0421084216842
4.45019003801
1.89377875575
6.30436087217
2.92708541708
3.5
3.79415883177
3.45199039808
3.60372074415
4.44428885777
2.38087617524
1.12682536507
1.86547309462
2.57111422284
1.025105021
1.5
-0.00200040007996
0.326965393079
1.63852770554
1.56531306261
1.34806961392
2.59231846369
1.86537307461
0.43848769754
1.22694538908
1.35197039408
1.11352270454
2.74984996999
2.98449689938
4.60182036407
5.54630926185
2.3425685137
4.28855771154
4.25935187037
2.29405881176
8.34416883377
7.36127225445
5.32706541308
8.00430086017
4.67123424685
3.425085017
2.82106421284
3.29835967193
2.81336267253
2.67853570714
1.69433886777
4.05181036207
2.51020204041
1.63232646529
2.91948389678
1.10922184437
3.0
-0.971294258852
1.09941988398
4.1050210042
2.6299259852
1.9600920184
2.51890378076
2.98879775955
2.51050210042
0.00840168033574
2.75595119024
4.99019803961
3.52730546109
4.4299859972
7.45729145829
6.52520504101
7.82566513303
6.23034606921
5.00730146029
4.41878375675
7.29445889178
6.3550710142
6.69783956791
5.55601120224
6.0
6.1274254851
7.40538107621
4.64292858572
3.67473494699
3.23734746949
4.16483296659
3.23954790958
2.47799559912
2.18903780756
2.30326065213
6.0
2.14392878576
4.8900780156
3.68113622725
5.0
5.98589717944
4.74934986997
4.24164832967
4.89907981596
4.32126425285
2.35927185437
3.0
3.90628125625
1.40228045609
2.15613122625
5.2299459892
3.83616723345
4.08231646329
2.67153430686
3.22384476895
5.82076415283
4.13382676535
7.0
5.11842368474
6.5
4.65453090618
6.60702140428
5.13142628526
3.05021004201
3.18053610722
6.93548709742
5.0
3.45089017804
3.06211242248
1.9325865173
4.51300260052
5.7774554911
8.00530106021
5.74564912983
7.49519903981
6.0125025005
5.5
6.20814162833
3.05341068214
4.54330866173
6.0
5.77935587117
5.46679335867
4.5
6.37727545509
5.61572314463
5.69443888778
5.70984196839
6.21844368874
3.81016203241
3.06401280256
2.13572714543
3.5
5.54660932186
7.23824764953
6.16673334667
7.73864772955
3.65903180636
3.0
5.0
5.3075615123
5.14362872575
5.66933386677
3.77185437087
4.47169433887
3.11532306461
2.24874974995
5.5
0.899979995999
3.77435487097
2.64102820564
4.02560512102
7.2025405081
6.5
3.96929385877
6.96169233847
5.67933586717
6.0
7.0
0.648629725945
-0.320464092819
4.0
3.87447489498
2.55891178236
3.3050610122
4.94878975795
5.29735947189
0.761052210442
1.84136827365
2.92838567714
1.71804360872
3.94378875775
3.59701940388
2.47959591918
2.5
1.97459491898
1.51770354071
3.5050010002
4.49769953991
2.99729945989
3.21724344869
1.0624124825
3.05701140228
1.01810362072
3.41218243649
4.94838967794
3.11862372474
3.03350670134
1.78735747149
2.75275055011
2.2049409882
2.45109021804
3.01380276055
4.94338867774
3.81046209242
3.80706141228
3.72734546909
4.71604320864
5.17413482697
5.0
5.33426685337
3.5
3.6825365073
4.5
3.55721144229
2.41128225645
5.21334266853
4.88947789558
2.32186437287
3.52710542108
1.37207441488
4.12222444489
2.48089617924
4.0
3.225045009
3.42398479696
3.08071614323
2.64902980596
7.19423884777
5.02980596119
5.58941788358
3.5
7.09141828366
5.86067213443
3.0
4.06131226245
2.13262652531
4.1875375075
0.175835167033
3.58571714343
3.74544908982
2.98529705941
4.08641728346
3.21064212843
3.57101420284
2.52840568114
6.05561112222
6.45209041808
5.0
2.0
4.47519503901
4.24144828966
4.50940188038
5.00170034007
2.02100420084
6.48629725945
4.02140428086
3.76455291058
4.96319263853
4.27225445089
3.0
3.4400880176
4.5
2.42468493699
3.08301660332
2.29535907181
0.950790158032
1.10612122424
0.943088617724
-0.243048609722
0.193838767754
5.0
3.07231446289
1.78315663133
4.77985597119
2.33066613323
2.85087017403
2.18313662733
2.0
2.0
2.39687937588
3.35697139428
4.94588917784
3.90598119624
3.73704740948
4.23424684937
1.9950990198
3.02030406081
2.96429285857
3.43888777756
0.5
1.0226045209
3.44798959792
1.5
3.0
0.178235647129
0.0
-0.918583716743
2.0
1.5
1.68013602721
0.933986797359
0.43648729746
0.5
0.586617323465
0.449389877976
-0.29675935187
-0.371274254851
2.07811562312
1.03520704141
2.5
2.5
5.09461892379
6.40098019604
4.79785957191
4.01210242048
2.74174834967
2.52200440088
5.24834966993
2.01320264053
2.48569713943
1.97799559912
2.97029405881
3.0374074815
0.135327065412
3.86797359472
1.15923184637
-0.931786357272
0.136127225445
1.08361672334
2.0
2.54950990198
1.69663932787
1.44278855771
0.688937787558
1.12982596519
0.224944988998
0.145229045809
-0.0206041208245
1.17873574715
1.5025005001
3.23594718944
1.84186837367
1.90428085617
4.19913982797
1.31026205241
-0.928185637128
-1.33336667333
-0.864972994599
0.524704940989
3.99069813963
5.24694938988
2.76075215043
2.46309261852
2.11192238448
0.851570314062
0.604220844169
2.70074014803
3.61392278456
-0.5
-0.822364472894
1.1650330066
-1.33776755351
0.0
0.0734146829367
2.63912782557
2.23714742949
0.123724744949
-2.0
-3.10832166433
-0.150930186037
-1.29645929186
-1.41478295659
-0.422484496899
0.0
-0.5
0.581616323265
-0.0934186837371
1.92198439688
-1.73434686937
-1.01180236047
-0.742048409682
-0.983596719343
0.49949989998
1.49639927986
0.485097019404
2.48869773955
3.0
0.0570114022802
2.27285457091
1.02670534107
1.0
2.0
0.71174234847
0.0421084216842
0.0
-1.0
-0.607321464293
0.115023004601
-0.311362272454
0.0
0.904680936188
0.145829165833
1.98029605921
3.6775355071
2.50340068014
4.41168233647
-0.184336867373
-1.40398079616
-1.5
0.0
-0.5
-0.222844568914
-0.269453890778
-1.38087617524
-0.745949189838
1.0
-1.11932386477
-0.134526905381
-0.388377675535
0.284456891378
-0.0843168633724
0.299859971994
2.0
1.5
1.14592918584
-0.830666133227
-4.08081616323
-1.36517303461
-1.42688537708
-1.0
-1.06541308262
-1.37687537508
-1.5
-1.10772154431
0.349969993999
-2.40768153631
-2.41538307662
-1.42308461692
1.93078615723
-0.684536907381
-1.0
1.36527305461
-0.442388477696
1.23464692939
0.95399079816
-0.242348469694
-1.0
-0.250050010002
1.98439687938
-2.51550310062
-0.988397679536
0.530906181236
0.5
0.046309261852
0.91898379676
-0.561712342468
0.861172234448
-0.422884576916
0.542408481696
0.0
0.0501100220042
1.10792158432
-0.173434686937
-0.811662332466
-0.868973794759
-0.180636127226
-0.0732146429284
1.0
0.0
-0.0043008601715
-0.411382276455
0.842468493699
0.807361472295
1.0
-1.58391678336
-1.28425685137
-0.5
-0.865573114623
-1.23884776955
-1.12672534507
-0.25425085017
0.5
0.865173034607
1.0
-0.787357471495
2.31086217244
-0.349769953991
-0.808161632326
0.973794758951
1.0
1.0
1.0
0.326665333067
0.0
-1.31896379276
-0.934886977395
-1.31126225245
0.442588517703
-0.910682136428
-0.900580116023
-0.908281656331
0.373974794958
-1.42368473695
-0.0686137227449
0.280456091218
0.5
-0.77275455091
-2.0
-0.734946989398
-1.0
-0.227945589117
1.98949789958
-0.5
-2.47899579916
0.483896779356
0.976195239048
0.23424684937
-1.94118823765
-1.22654530906
0.0273054610921
-1.12462492498
-1.0
-0.577715543108
-2.91458291658
-1.01720344069
-0.600820164032
-0.608521704341
0.5
-1.24784956991
-3.60512102421
-0.819663932786
-2.0
-0.345269053811
-4.25635127025
-0.65973194639
-1.85567113423
-0.842768553711
-0.403380676135
-1.0
-1.79135827165
-0.283656731347
-0.224044808961
0.597619523904
-1.5
-1.74714942989
-3.99029805961
-2.7625525105
-0.864872974595
-1.11102220444
-0.785657131426
-1.0
-1.15053010602
-2.30876175235
0.0
-2.0
1.33626725345
0.5
-0.5
0.572514502901
-0.45599119824
-2.80556111222
-0.621924384877
-0.942888577715
1.30326065213
-0.203540708141
2.40888177635
0.083416683337
-1.36357271454
0.295959191837
-0.659531906381
-0.894778955791
-0.227545509102
-0.574414882977
-2.52950590118
-2.0
-3.5
-1.0
-0.501300260052
-0.99099819964
-1.275055011
0.012202440488
0.798159631926
0.960192038408
0.27375475095
-4.94478895779
0.562912582516
-0.964692938588
-0.5
0.0430086017202
1.60942188438
2.0
1.08631726345
2.11682336467
4.62452490498
2.5
2.91978395679
3.90948189638
1.32766553311
0.0815163032605
1.67073414683
1.41078215643
0.529205841168
2.61232246449
0.447689537908
1.70924184837
-0.858471694339
-0.387677535507
-0.5
0.759951990398
1.5
1.12772554511
-0.5
0.135427085417
0.5
0.0
-2.08791758352
1.34916983397
0.809361872374
2.18293658732
1.0
0.0
-0.5
-0.826065213043
0.783356671334
-0.544908981796
1.24194838968
-0.378675735147
-0.5
0.302960592119
-1.0
1.59051810362
-1.0
0.362672534507
-1.0
-0.559711942389
0.395979195839
0.0886177235452
-1.46339267854
-2.0
-2.02120424085
-0.24324864973
-3.0
-2.0
-2.00480096019
-2.0
-1.974994999
-2.0
-0.5
-1.0
-1.97209441888
-3.12702540508
-2.5
-4.0
0.370074014803
-1.29715943189
-0.0510102020403
-0.780556111223
-0.35227045409
-0.312562512502
-0.800760152031
-0.859471894379
-2.92588517704
-4.17203440688
-4.08181636327
-4.0
-3.17903580716
-2.4698939788
-4.5
-3.20214042809
-1.8950790158
-4.64122824565
-1.45049009802
-2.09941988398
-2.75935187037
-3.00330066013
-1.25605121024
-0.618123624725
-1.63572714543
-2.55831166233
-2.06971394279
-3.10272054411
-3.5
-4.5
-1.31766353271
-4.0
-3.33306661332
-2.34076815363
-3.0
-3.71574314863
-3.0
-3.19263852771
-5.18963792759
-5.10442088418
-5.90798159632
-2.14642928586
0.294958991798
-2.91778355671
-1.21274254851
-2.39977995599
-3.61822364473
-3.47429485897
-2.54370874175
-1.5
-5.52830566113
-3.48969793959
-3.26935387077
-1.00780156031
-5.5
-7.48469693939
-6.75895179036
-4.02560512102
-1.400080016
-5.04100820164
-5.82306461292
-5.88717743549
-4.15383076615
-4.07181436287
-2.92048409682
-4.13082616523
-4.10762152431
-3.15393078616
-2.77935587117
-3.17703540708
-3.37427485497
-3.13342668534
-4.85887177436
-3.64882976595
-5.17173434687
-5.24634926985
-5.16403280656
-1.26945389078
0.53100620124
-3.0975195039
-2.14862972595
-2.10522104421
-1.06371274255
-0.33876775355
-2.23354670934
-3.63812762553
-1.25105021004
-0.384976995399
-1.88217643529
0.591918383677
-1.0
-1.56881376275
-2.29515903181
-2.54570914183
-2.62112422484
-3.70434086817
-1.34806961392
-4.66683336667
-4.34136827365
-8.95279055811
-3.0
-1.0
-4.68043608722
-3.55031006201
-5.21894378876
-2.5
-3.0
-3.58931786357
-2.91838367674
-3.36087217444
-2.59931986397
-1.04520904181
-3.0
-0.728445689138
-0.5
-0.291558311663
0.5
-0.5
-3.99309861972
-2.49379875975
-5.0
-6.72224444889
-0.13102620524
-1.5
-0.0416083216642
-1.72534506901
-2.94298859772
-3.34706941388
-6.81896379276
-4.2099419884
-7.0
-6.29775955191
-5.0
-6.61092218444
-3.73724744949
-4.87367473495
-4.06701340268
-5.82086417283
-5.35057011402
-4.65713142629
-4.9175835167
-2.49119823965
-4.0901180236
-2.71984396879
-1.60872174435
-2.35167033407
-2.57791558312
-2.5
-2.11322264453
-6.2024404881
-3.37907581516
-5.74954990998
-2.87137427486
-3.1175235047
-3.63632726545
-3.39017803561
0.0679135827168
-1.59151830366
-2.08961792359
-3.18883776755
-3.5
-2.41328265653
-3.49859971994
-4.68393678736
-6.30066013203
-4.35737147429
-3.6349269854
-2.0
-2.19023804761
-3.05591118224
-3.0
-1.59641928386
-5.11692338468
-5.16203240648
-6.43328665733
-5.86877375475
-7.16313262653
-4.94978995799
-6.39877975595
-7.9825965193
-6.26355271054
-4.42238447689
-3.7675535107
-5.00400080016
-4.5
-6.01140228046
-3.24044808962
-1.51340268054
-3.23274654931
-1.06331266253
-2.774954991
-2.9423884777
-4.06531306261
-4.85397079416
-3.58071614323
-4.95579115823
-6.39417883577
-6.39617923585
-7.30576115223
-5.94038807762
-5.74614922985
-2.90388077615
-4.60582116423
-5.274954991
-4.17113422685
-5.66913382677
-4.99029805961
-3.13292658532
-3.68853770754
-5.6075215043
-5.29605921184
-4.10582116423
-4.79835967193
-3.38647729546
-4.39787957592
-5.2424484897
-6.50030006001
-3.5
-1.76555311062
-0.72674534907
-2.21904380876
-1.93298659732
-1.69453890778
-0.195939187838
-0.405881176235
0.319463892778
-2.91358271654
-4.83026605321
-2.07871574315
-0.850270054011
-0.142028405681
-3.68283656731
-2.3798759752
-3.26215243049
-1.55561112222
-2.90528105621
-3.90418083617
-5.38217643529
-3.12062412483
-5.21364272855
-6.0
-4.44268853771
-2.0
-1.04190838168
-2.0
-4.0
-3.97179435887
-1.76665333067
-2.00340068014
-3.0
-2.01200240048
-1.22044408882
-1.48629725945
-5.0
-3.0
-4.65153030606
-4.94178835767
-1.43408681736
-0.926385277055
-0.418683736747
-4.91098219644
-5.59671934387
-3.65663132627
-3.46969393879
-3.0599119824
-3.6275255051
-3.86477295459
-6.32146429286
-5.57531506301
-4.0
-3.91698339668
-6.66313262653
-4.36287257451
-5.03370674135
-7.20474094819
-4.82956591318
-7.53060612122
-8.2199439888
-5.34146829366
-5.10302060412
-1.0
-2.75075015003
-2.74154830966
-2.23384676935
0.726145229046
-2.45389077816
-1.5
-3.39847969594
-2.39067813563
-0.187637527506
0.359871974395
-1.82776555311
-1.0
-3.34316863373
-1.29825965193
-0.353570714143
-4.04940988198
-4.74794958992
-2.4274854971
-4.88937787558
-1.39707941588
-2.4523904781
-1.70624124825
-2.4600920184
-1.5
-3.09661932386
-4.22164432887
-1.02450490098
-3.68803760752
-1.01680336067
-1.26295259052
-0.509101820364
-0.51050210042
-0.0042008401681
-4.51470294059
0.0252050410081
-3.71954390878
-0.0700140028005
-2.83926785357
-0.521704340868
1.55111022204
-1.47059411882
0.43348669734
0.462892578516
0.581916383277
-1.77595519104
-1.59731946389
-3.5525105021
-1.38727745549
-1.0
-3.18593718744
-1.0
-1.46529305861
-1.57561512302
-4.35267053411
-3.24994999
-1.51150230046
-0.408981796359
-3.84486897379
-1.1974394879
-1.70514102821
-1.68073614723
-0.5
-0.5
-1.76405281056
-4.62182436487
-6.37297459492
-2.14762952591
-2.38337667534
1.08831766353
-1.56431286257
0.289857971594
-1.7024404881
0.69473894779
-0.593518703741
-1.32066413283
-3.92908581716
-5.33606721344
-1.3124624925
-1.05441088218
-3.14082816563
-2.68343668734
-1.87457491498
-1.61772354471
-2.4449889978
-2.20464092819
-3.54730946189
-4.91308261652
-2.73764752951
-5.21424284857
-6.24474894979
-2.39027805561
-3.0
-3.27035407081
-3.5
-3.73734746949
-3.50880176035
-3.0
-3.49889977996
-4.0
-2.0
-0.302260452089
-1.97139427886
-2.9273854771
-1.13202640528
-4.1724344869
-4.02970594119
-2.91778355671
-3.31296259252
-4.5825165033
-4.0
-3.19583916783
-4.23594718944
-4.5800160032
-3.36307261452
-3.5
-3.0
-2.71174234847
-1.80366073215
-3.67023404681
-4.83276655331
-5.174934987
-5.90868173635
-4.15483096619
-4.5
-4.14712942589
-4.71344268854
-3.72114422885
-3.77115423085
-1.52690538108
-3.0
-4.50390078016
-2.25965193039
-4.69793958792
-5.550110022
-4.71724344869
-3.93568713743
-4.90368073615
-0.917583516702
-3.09321864373
-3.16063212643
-5.82896579316
-6.0
-5.92218443689
-3.0
-3.0
-2.68373674735
-4.25035007001
-3.30856171234
-5.44528905781
-6.10172034407
-2.09401880376
-1.70684136827
-4.96069213843
-2.42908581716
-5.90518103621
-4.55551110222
-5.02390478096
-4.4598919784
-2.0324064813
-1.95059011802
-3.5
-2.49069813963
-2.49919983997
-2.0
-0.479295859172
-2.78225645129
-2.48539707942
-2.57381476295
-0.477695539108
-4.94768953791
-7.4099819964
-5.64842968594
-8.0
-8.0
-5.13622724545
-7.59851970394
-7.44688937788
-6.69303860772
-5.12162432486
-5.0
-4.20554110822
-1.67763552711
-0.576215243048
-2.6601320264
-2.83216643329
-1.16223244649
-3.5
-4.61812362473
-2.29795959192
-2.70634126825
-2.78595719144
-1.72174434887
-1.38527705541
-4.0
-3.8775755151
-4.4948989798
-3.52050410082
-6.76795359072
-2.91348269654
-5.39167833567
-6.2723544709
-4.0
-4.80646129226
-6.22124424885
-3.66093218644
-4.0
-3.16863372675
-4.0
-3.5
-1.62832566513
-6.73614722945
-8.68943788758
-6.11652330466
-5.44558911782
-3.69943988798
-3.73354670934
-3.74284856971
-6.61702340468
-5.57421484297
-4.81216243249
-0.719643928787
-4.02360472094
-2.96049209842
-2.96819363873
-4.0
-3.47539507902
-1.00870174035
-3.00150030006
-4.0
-3.00720144029
-5.47789557912
-6.04470894179
-5.76875375075
-2.9773954791
-3.67063412683
-4.06061212242
-0.715843168634
-4.88597719544
-5.25115023004
-7.22574514903
-6.80176035207
-7.55341068214
-7.22904580916
-5.0
-4.25985197039
-4.8623724745
-3.61332266453
-5.69393878776
-2.67853570714
-1.58421684337
-2.66193238648
-3.36767353471
-2.69153830766
-1.70114022805
-3.93958791758
-1.53660732146
-0.138827765553
-1.8450690138
-1.0
-2.88637727546
-2.24684936987
-1.39127825565
-0.5
-6.08561712343
-4.89197839568
-5.125025005
-5.60032006401
-6.46059211842
-5.31476295259
-7.6775355071
-7.83016603321
-5.16893378676
-4.23164632927
-6.0
-3.56951390278
-3.0
-3.62912582516
-3.11592318464
-6.60822164433
-4.5
-3.04640928186
-1.82976595319
-1.69353870774
-6.43028605721
-3.87597519504
-1.77715543109
-1.16313262653
-3.46109221844
-5.45319063813
-3.76175235047
-0.992098419684
-1.75405081016
-2.00040008002
-0.760952190438
-0.4924984997
-0.477295459092
-5.45439087818
-4.38337667533
-3.40838167634
-2.5
-3.03060612122
-0.577715543109
-2.53830766153
-3.41568313663
-3.63802760552
-3.20014002801
-2.0
-3.6924384877
-4.0
-3.0
-4.43088617724
-5.43778755751
-3.76955391078
-4.33866773355
-0.338067613522
-2.0
-3.18443688738
-4.30786157231
-2.400080016
-1.43868773755
-0.538107621524
-0.861472294459
-3.11532306461
-2.3924784957
-4.75395079016
-5.24624924985
-1.76145229046
-2.65373074615
-3.22314462893
-4.78455691138
-1.29225845169
1.099919984
-1.84616923385
-0.907681536307
-2.67693538708
-0.753850770154
-2.16923384677
-3.11542308462
-2.26145229046
-1.93078615723
-3.31536307261
-1.87697539508
-2.61532306461
-3.26905381076
-3.20024004801
-5.45389077816
-4.29225845169
-6.34636927386
-6.13822764553
-4.09211842368
-4.5
-3.47699539908
-6.26915383077
-8.95409081816
-5.0
-6.48479695939
-3.5075015003
-4.00020004001
-6.5
-5.5
-2.47669533907
-2.56201240248
-4.65323064613
-4.02320464093
-4.77705541108
-2.09271854371
-4.0
-6.03860772154
-1.62262452491
-7.26845369074
-3.80016003201
-4.7299459892
-5.03930786157
-2.74684936987
-4.81556311262
-3.93058611722
-3.17673534707
-3.42288457692
-5.16903380676
-4.0
-6.51600320064
-5.0925185037
-4.53910782156
-5.49889977996
-4.79185837167
-4.28415683137
-6.22354470894
-2.07811562312
-1.60842168434
-3.25335067013
-3.0
-1.5
0.0395079015798
-0.277455491097
-0.5
-1.0
-0.398879775956
0.19173834767
-1.31596319264
-2.85267053411
-4.0
-2.0
-1.07661532306
-1.67723544709
-2.79325865173
-4.89037807562
-3.06121224245
-4.88527705541
-2.0
-0.700340068013
-2.59161832366
-1.41608321664
-0.885677135427
-0.931486297259
-0.0608121624327
-0.276555311063
-1.5
-0.231146229245
-1.4549909982
0.522304460893
-0.492698539708
0.253450690138
-0.998799759952
-0.991498299661
-1.01620324065
-0.523904780955
-3.93678735747
-2.07861572314
-0.5
-1.44528905781
-2.0624124825
0.570114022804
-1.5
1.29275855171
0.406781356271
0.300460092018
-1.44568913783
-1.88367673535
0.313962792559
-1.31586317263
-2.43028605721
-1.17643528706
-1.5
0.33126625325
-0.255351070214
-0.822064412883
-0.407181436287
-0.653330666134
0.298959791959
-2.56311262252
-4.67533506701
-1.36207241448
-0.884076815363
-2.02090418084
-0.870874174835
-3.64232846569
-0.606021204241
0.0
-0.139027805561
0.78575715143
-0.5
0.5
-0.154430886177
-0.0917183436691
1.0
0.168033606722
0.830166033207
2.27105421084
0.177535507101
1.15693138628
-0.240948189637
-0.81726345269
0.578815763152
1.44678935787
-1.39807961592
-0.0455091018207
0.291658331666
-0.424384876975
-1.48769753951
0.0301060212046
0.0525105021006
-0.455191038207
0.231446289258
-0.985297059412
0.739147829566
-0.5
0.506301260252
2.49929985997
-0.254550910182
-0.483196639329
-1.45099019804
-3.98389677936
-0.65023004601
-4.02380476095
-0.555311062212
-1.0
1.0
0.039207841568
0.586117223444
3.3123624725
1.70304060812
3.78155631126
-0.691538307662
-0.5
-0.103020604121
0.289957991599
0.176135227046
0.0777155431083
1.49469893979
1.07291458292
-0.160732146429
0.5
0.153030606121
-0.298359671935
1.85467093419
0.891478295659
0.637627525505
0.232446489297
0.259851970394
-1.37607521504
-1.12222444489
0.368373674735
0.541908381676
-2.36067213443
-5.5
-4.58811762352
-0.599119823965
1.53580716143
1.72574514903
-0.5
0.0837167433488
0.5
-0.847969593919
-0.822164432887
-2.06831366273
0.128925785158
0.121224244849
-0.113522704542
-2.55291058212
-2.40188037607
-0.0452090418084
-0.291358271655
0.5375075015
0.0
-1.88077615523
0.724044808961
-3.61052210442
-1.92698539708
-4.95679135827
-4.23944788958
-4.50670134027
-4.75285057011
-2.00600120024
-1.49029805961
-0.508701740348
-0.525105021004
0.967193438688
0.31076215243
1.45179035807
-0.666133226646
1.40458091618
-0.856971394278
-1.46049209842
0.206641328266
-0.905581116223
-0.193638727747
-0.219643928785
1.3824764953
-1.31216243249
-0.5
1.0
1.85167033407
0.0780156031205
1.0
-0.242848569714
-1.01870374075
-1.62632526505
-3.15273054611
-2.5
-0.209941988397
-2.06471294259
-3.36267253451
-2.23304660932
-2.0
-0.251550310062
-0.121924384877
-0.395779155831
-4.04310862172
-3.80186037207
-0.967393478694
-0.763352670534
0.505901180235
-2.27515503101
-3.72664532906
-6.34906981396
-1.91708341668
-4.0
-0.302860572116
-1.85627125425
-4.0
-2.24334866973
-5.25875175035
-2.61292258452
-0.0261052210471
-1.6099219844
-2.9550910182
-2.41788357672
-2.42558511702
-1.41678335667
-3.0
-2.0
-1.08721744349
-3.69613922785
-5.91538307661
-3.04100820164
-1.5
-1.75765153031
-2.00520104021
-3.51030206041
-4.97299459892
-4.21144228846
-1.06681336267
-6.72944588918
-7.9023804761
-6.72174434887
-4.72474494899
-6.14382876575
-3.42038407682
-5.20634126825
-0.9524904981
0.0959191838369
-1.11042208442
-4.30906181236
-3.37417483497
-0.916183236648
-3.42938587718
-1.47339467894
-0.234946989397
-1.49649929986
-0.327965593119
-0.179735947189
0.0937187437485
-1.3475695139
-1.39857971594
0.144728945789
0.890878175635
-0.5
-1.76635327065
-1.12932586517
0.250950190039
-0.364872974595
-1.26445289058
-2.22784556911
-1.05971194239
-3.7124424885
-2.20474094819
-3.09851970394
-4.46599319864
-4.31836367273
-3.16303260652
-3.66623324665
-2.34146829366
-2.34916983397
-1.46469293859
-1.72914582917
-3.44158831766
-2.9399879976
-3.0
-1.05231046209
-0.298459691939
-2.04460892178
-1.33696739348
-1.46309261852
0.0661132226451
0.941588317663
-0.550710142029
-2.5
-0.197039407881
-0.0552110422086
-3.46019203841
0.0122024404882
-0.761252250451
0.493598719744
-0.5
-2.00930186037
-2.23684736947
-5.46599319864
-1.0
-2.92588517704
-1.88577715543
-2.12962592518
-3.6450290058
-3.37967593519
-2.91208241648
-3.54780956191
-4.0950190038
-3.61102220444
-1.66553310662
-1.81036207241
-4.36587317464
-5.28725745149
-2.0
-3.15723144629
-1.9973994799
-5.48209641928
-2.79915983197
-2.18803760752
-3.89147829566
-1.90688137628
-1.85557111422
-2.56231246249
-0.957091418285
-2.96849369874
-3.11292258452
-1.0
-3.0
-2.0
-0.613622724545
-3.43908781756
-4.5
-3.14792958592
-2.10712142428
-2.03310662132
0.228445689137
-1.83666733347
-3.66873374675
-2.82896579316
-1.15023004601
-3.17873574715
-2.5674134827
-0.872874574915
-4.88057611522
-4.9175835167
-4.34396879376
-3.5
-5.91138227645
-7.82366473295
-3.92678535707
-3.5
-5.0
-4.57461492298
-4.97879575915
-2.33676735347
-0.51350270054
-4.51930386077
-2.98839767954
-4.5
-3.0
-3.48849769954
-2.0
-3.26345269054
-1.06921384277
-1.27115423085
-0.449989998
-2.22114422885
-2.03270654131
-2.06721344269
-3.08081616323
-5.17703540708
-5.71134226846
-4.5
-4.6674334867
-5.30966193239
-4.37297459492
-6.04790958192
-3.92728545709
-6.15013002601
-5.84216843369
-5.33106621324
-6.65353070614
-8.81906381276
-5.47159431886
-5.54450890178
-6.10202040408
-3.21174234847
-3.06111222245
-4.72714542909
-5.26515303061
-4.87127425485
-3.37537507501
-3.0
-2.13282656531
-2.95329065813
-2.42158431686
-2.5775155031
-0.203540708142
-2.39167833567
-3.46779355871
-2.68043608722
-3.5
-3.0
-5.31466293259
-6.12592518504
-1.82096419284
-3.86577315463
-2.56021204241
-3.67823564713
-3.91668333667
-3.15513102621
-4.4149829966
-5.58801760352
-4.91968393679
-3.60892178436
-4.4350870174
-2.52860572114
-3.22524504901
-1.56271254251
-3.89767953591
-1.51320264053
-0.5
-1.5
-0.751650330066
-3.00220044009
-4.0
-3.0
-1.5275055011
-0.964792958592
-2.22854570914
-1.07591518304
-2.55831166233
-4.86797359472
-4.56571314263
-4.16283256651
-4.11632326465
-5.59681936387
-7.60452090418
-9.33166633327
-7.92988597719
-3.62762552511
-4.36467293459
-6.5
-7.67463492699
-8.57921584317
-8.50080016003
-6.17383476695
-7.52230446089
-6.09461892378
-4.95459091818
-4.10232046409
-4.64382876575
-3.6100220044
-3.36387277455
-5.26455291058
-4.5
-5.0
-4.0
-4.23374674935
-6.16093218644
-4.5
-3.5
-3.94558911782
-3.69523904781
-4.03130626125
-3.85967193439
-4.49179835967
-4.91778355671
-5.0149029806
-5.77645529106
-5.28265653131
-2.33406681336
-3.06111222244
-5.70444088818
-5.52630526105
-2.44858971794
-2.89267853571
-2.5
-2.92028405681
-4.57201440288
-5.93568713743
-4.0849169834
-3.45109021804
-1.97939587918
-3.26675335067
-6.93548709742
-4.27715543109
-4.51040208042
-5.25405081016
-7.9974994999
-7.52540508102
-4.55101020204
-4.97189437888
-3.96419283857
-4.41298259652
-2.17923584717
-2.72054410882
-4.5
-3.28715743149
-3.45899179836
-3.58971794359
-1.85387077416
-3.3948789758
-4.22564512902
-4.5
-5.24354870974
-5.77185437087
-3.0
-2.34866973395
-3.68193638728
-5.5
-6.76165233047
-6.65893178636
-4.9050810162
-4.04630926185
-4.0
-3.78705741148
-3.0
-3.0
-6.76395279056
-4.37187437488
-2.62572514503
-4.13872774555
-3.83286657332
-2.0
-4.35887177436
-2.2899579916
-5.05351070214
-4.41608321664
-4.06081216243
-3.58961792358
-4.32846569314
-4.33616723345
-0.843868773754
-1.20314062813
-2.60182036407
-2.63302660532
-3.43798759752
-4.17643528706
-5.47519503901
-2.94888977796
-3.59451890378
-4.17363472695
-6.5
-3.39287857571
-3.28185637127
-3.5
-1.22584516903
-2.89847969594
-0.266453290658
-2.9873974795
-0.75875175035
-2.01960392079
-4.24684936987
-5.99439887978
-2.5
-5.47899579916
-1.02870574115
-1.48179635927
-3.77205441088
-2.0
-1.16073214643
-1.06721344269
-3.2874574915
-3.87607521504
-4.20484096819
-4.54900980196
-2.10572114423
-3.88657731546
-1.18943788758
-3.37117423485
-3.68173634727
-3.42788557712
-4.97789557912
-2.57981596319
-0.5
-3.9124824965
-1.81726345269
-3.80956191238
-6.65093018604
-6.5
-2.71354270854
-3.77875575115
-5.36447289458
-4.38167633527
-2.87217443489
-5.12192438488
-3.62012402481
-5.5
-2.83726745349
-3.56571314263
-3.41888377676
-5.64912982596
-2.90298059612
-5.71584316864
-4.26795359072
-4.3226645329
-6.32646529306
-5.01670334067
-6.13042608522
-3.1799359872
-3.96349269854
-3.50110022004
-5.05851170234
-2.89067813563
-1.8475695139
-3.98479695939
-1.08621724345
-3.21074214843
-7.03540708142
-4.93688737747
-4.55541108222
-4.95229045809
-5.0400080016
-4.23384676935
-2.98769753951
-6.29225845169
-4.00460092018
-6.25075015003
-6.0
-7.22914582917
-6.05401080216
-3.5
-4.46299259852
-7.22764552911
-8.97379475895
-8.9398879776
-8.13562712542
-8.13672734547
-7.58321664333
-8.70454090818
-8.5
-4.90948189638
-6.38597719544
-6.68913782757
-9.80586117223
-9.13712742548
-9.35517103421
-9.67373474695
-9.66023204641
-8.83016603321
-10.2634526905
-11.974994999
-13.7134426885
-18.650630126
-22.0871174235
-25.3575715143
-41.6706341268
-94.3556711342
-133.74614923
-149.352270454
-120.416083217
-104.5
-107.329865973
-107.930286057
-82.4014802961
-74.6707341468
-99.2125425085
-112.839367874
-86.9282856571
-73.8219643929
-82.8681736347
-95.1868373675
-69.6936387277
-22.4540908182
-7.54070814163
-7.14312862572
14.3050610122
28.9656931386
26.2389477896
10.6464292859
18.7131426285
48.5565113023
60.4447889578
63.824464893
59.4062812563
74.0274054811
69.0851170234
62.6182236447
70.0
62.9159831966
52.4184836967
31.4440888178
28.7531506301
24.0374074815
16.9854970994
24.4444888978
24.4102820564
29.0564112823
4.22574514903
-15.2084416883
-15.0607121424
-14.5
-18.3477695539
-22.8323664733
-22.1618323665
-16.0
-25.3584716943
-31.2865573115
-12.1674334867
-10.7198439688
-25.0434086817
-37.8365673135
-27.8375675135
-3.54540908181
-1.33146629326
4.44258851771
42.6891378276
70.850170034
68.2450490098
57.0
71.2820564113
89.0541108222
103.190438088
85.7838567713
93.6806361272
122.720744149
121.326665333
95.7238447689
77.6054210842
76.8637727546
81.0835167033
76.5481096219
50.6859371874
34.3148629726
30.4353870774
13.9815963193
2.01390278056
-10.0618123625
-28.2199439888
-29.8194638928
-39.549809962
-57.7411482297
-72.3474694939
-75.1959391878
-67.5983196639
-61.9072814563
-68.425085017
-74.1340268054
-60.8734746949
-44.876175235
-43.3644728946
-37.3604720944
-25.7283456691
-6.51670334066
3.51170234047
0.710742148428
10.5800160032
32.5024004801
48.4666933387
57.924484897
58.5570114023
61.4084816963
70.8662732547
64.1836367273
57.6072214443
55.7193438688
49.8795759152
16.4390878176
-11.6558311662
-44.7630526105
-49.599819964
-54.4811962392
-65.6934386877
-92.073914783
-94.0
-106.074214843
-124.696839368
-141.097019404
-153.177135427
-154.01110222
-153.438987798
-168.681436287
-169.634026805
-150.299759952
-133.368773755
-118.938087618
-109.553910782
-104.288357672
-92.9537907582
-86.7384476895
-75.2692538508
-59.2578515703
-37.9808961792
-26.8847769554
-9.1349269854
-6.10382076415
3.04960992199
18.74954991
26.6845369074
26.5884176835
29.0
29.4192838568
28.5
29.7920584117
32.6808361672
34.349069814
51.049009802
44.8477695539
33.8037607522
38.49909982
36.9275855171
45.4155831166
44.5
37.0176035207
64.174434887
73.2412482497
85.1377275455
92.3056611322
125.344868974
149.885977195
135.136727345
128.014802961
127.74984997
145.419983997
145.477695539
87.5851170234
54.5766153231
42.0388077616
44.1337267453
49.5271054211
34.1857371474
26.7088417684
17.2319463893
16.7125425085
-32.5529105821
-66.5962192439
-78.1081216243
-81.7104420884
-76.5059011802
-94.1877375475
-115.833566713
-96.9530906181
-73.3704740948
-61.6620324065
-63.6697339468
-54.8871774355
-44.8513702741
-24.674934987
-32.3983796759
-28.2700540108
16.1811362272
54.2635527105
72.6716343269
72.2390478096
73.026005201
94.4643928786
111.73784757
114.134926985
109.944888978
118.573714743
114.689437888
109.50330066
93.4668933787
76.2642528506
83.176235247
82.8286657331
60.0525105021
31.8155631126
6.68213642728
-15.6452290458
-20.3900780156
-32.8562712543
-50.0573114623
-50.6069213843
-60.7441488298
-73.274554911
-91.4190838168
-97.076115223
-90.6237247449
-80.5982196439
-84.7385477095
-96.4085817163
-85.8119623925
-78.4401880376
-64.8445689138
-48.9564912983
-36.9625925185
-19.0090018004
-8.00860172034
-6.24184836967
-1.5600120024
10.9804960992
31.6847369474
50.1702340468
55.0274054811
56.8437687537
62.6138227646
66.2110422084
65.2140428086
63.7033406681
63.0
55.7174434887
48.5821164233
33.8050610122
17.0932186437
11.7790558112
6.22084416883
-3.89787957592
-22.6297259452
-83.8899779956
-146.850270054
-181.914182837
-173.450790158
-161.551710342
-162.686737347
-173.350370074
-162.518203641
-161.51040208
-183.343168634
-193.615723145
-173.188137628
-158.5
-157.229545909
-176.389077816
-154.430786157
-103.196939388
-69.8138627726
-55.4716943389
-32.1666333267
-11.8852770554
-18.8434686937
-28.900580116
-17.8221644329
10.8965793159
46.8227645529
52.9529905981
62.2977595519
85.7850570114
92.3189637928
87.1410282056
100.386377275
102.291958392
83.9427885577
58.1862372474
41.6202240448
46.7599519904
71.4552910582
64.0925185037
76.7051410282
94.4135827165
72.5901180236
65.049609922
74.0015003001
96.8481696339
135.330966193
142.549209842
158.184636927
170.700040008
138.107821564
132.693938788
95.7864572915
91.0354070814
38.9628925785
0.689737947585
27.3881776355
39.1524304861
42.9139827966
15.9308861772
-5.12362472494
-1.27165433087
-33.5987197439
-61.7825565113
-101.188937788
-80.5404080816
-91.1197239448
-105.321364273
-103.088517704
-88.4552910582
-50.4647929586
-47.8716743349
-47.8685737147
-28.5236047209
-19.0290058012
-13.1396279256
-6.73154630926
22.1878375675
41.1298259652
70.3407681536
82.8318663733
97.9921984397
116.308761752
116.0
129.928285657
139.793158632
128.762552511
120.4929986
79.2018403681
75.3922784557
66.9374874975
83.3643728746
68.2117423485
54.1366273255
30.0463092619
17.2456491298
-6.52920584117
-31.6080216043
-52.7478495699
-56.649829966
-66.100820164
-77.0356071214
-90.525905181
-90.0882176435
-87.6723344669
-70.649529906
-77.5630126025
-80.2433486697
-80.0168033607
-76.7636527305
-66.524504901
-57.1225245049
-30.3276655331
-6.63162632526
9.63452690538
15.4190838168
8.61202240448
25.2721544309
33.3571714343
44.7879575915
47.8906781356
46.7164432887
61.8355671134
62.3900780156
56.9116823365
55.874674935
57.4334866973
51.6647329466
34.6132226445
14.0929185837
-0.598919783957
-1.64962992599
-17.0142028406
-28.4087817564
-43.4428885777
-60.274254851
-106.643928786
-171.221744349
-205.520104021
-212.398879776
-197.463392679
-202.874274855
-201.25625125
-178.167433487
-166.185037007
-176.934186837
-181.291758352
-160.934486897
-146.24384877
-155.689837968
-158.341068214
-129.296259252
-90.1655331066
-66.0458091618
-49.6150230046
-16.4891978396
-2.22574514903
-10.5770154031
-20.0
-10.7589517904
16.3409681936
34.4870974195
37.7051410282
63.8201640328
82.2330466093
73.7335467093
68.8821764353
73.051210242
66.7389477896
50.0166033207
20.275155031
11.2040408082
32.0381076215
35.9724944989
21.2621524305
34.875175035
56.0543108622
39.6419283857
41.0670134027
33.5618123625
56.4130826165
90.2074414883
121.396279256
116.716043209
174.956391278
186.393378676
205.775655131
217.616923385
176.573614723
140.036907381
135.316663333
108.170334067
96.2446489298
80.0432086417
89.0298059612
89.6711342268
112.041008202
55.6648329666
22.3124624925
9.03810762152
-35.1985397079
-65.7361472294
-92.3023604721
-102.904180836
-77.8018603721
-87.2062412483
-98.8762752551
-91.825365073
-67.2645529106
-74.1858371674
-75.6198239648
-80.4863972795
-70.1118223645
-29.9397879576
-21.6215243049
-2.34386877375
38.4336867374
68.1597319464
91.0298059612
102.626825365
107.213942789
111.447289458
139.319063813
131.470494099
135.953890778
151.51130226
151.145229046
154.794558912
143.807961592
125.344568914
124.268953791
106.358571714
67.7661532306
40.7425485097
25.6655331066
5.62622524505
-1.60892178436
-22.1573314663
-41.0066013203
-45.4900980196
-76.8074614923
-125.682036407
-149.815163033
-149.73874775
-130.313562713
-111.846569314
-106.828365673
-95.5614122825
-73.4356871374
-80.0181036207
-88.0
-78.0850170034
-71.6034206841
-53.00010002
-47.8811762352
-35.8856771354
-8.08051610321
24.7597519504
43.8266653331
57.898679736
69.1699339868
61.8727745549
58.9586917384
46.7525505101
39.4895979196
46.0929185837
33.4292858572
9.04890978195
-11.3667733547
-24.6565313063
-39.773854771
-64.0030006001
-108.222244449
-149.640128026
-172.362872575
-179.816663333
-193.279355871
-192.673734747
-182.25915183
-184.25455091
-194.926085217
-206.192938588
-208.337867574
-196.684336867
-198.475195039
-198.931786357
-172.383276655
-148.356771354
-126.664732947
-102.327965593
-81.6686337267
-55.2302460492
-45.5885177035
-41.7979595919
-29.9150830166
-8.14962992598
12.8942788558
27.900080016
50.6096219244
66.4826965393
66.3172634527
66.9615923185
67.7787557512
71.9885977195
60.0234046809
47.0522104421
38.8561712342
38.8919783957
44.0
27.275655131
30.799559912
38.5578115623
22.8930786157
14.0732146429
3.82366473294
4.05691138228
20.0963192639
23.9278855771
34.8058611722
54.9100820164
97.1949389878
91.325865173
123.610922184
145.373274655
177.446889378
205.76085217
225.969993999
230.362072414
219.076115223
166.00030006
106.50590118
96.0763152631
104.542508502
119.636527305
130.265053011
118.183836767
101.626225245
81.6127225445
26.049309862
-8.99199839968
-26.1413282657
-53.7448489698
-79.525805161
-89.5436087217
-101.717943589
-94.3196639328
-81.3778755751
-71.1727345469
-59.1855371074
-68.0210042008
-93.1382276455
-94.1464292859
-68.7357471494
-44.8127625525
-5.66813362671
31.4464892979
53.7649529906
74.0275055011
69.9197839568
82.6564312863
114.050910182
133.564112823
137.475295059
140.208541708
147.482996599
148.342068414
151.434886977
146.733646729
154.50960192
150.540508102
111.231846369
73.4390878176
51.7346469294
34.2118423685
17.8440688138
-1.81896379276
-24.974294859
-41.7541508302
-66.3356671334
-94.1848369674
-108.643128626
-116.410782156
-122.73844769
-126.275355071
-134.579915983
-138.941588318
-135.703140628
-124.180336067
-106.404980996
-90.6097219444
-77.4986997399
-69.5436087217
-57.8173634727
-41.9126825365
-25.5689137827
2.60022004401
21.8315663133
42.4589917984
54.5443088618
57.851170234
73.5270054011
79.124524905
78.6293258652
73.1168233647
67.3702740548
55.599319864
17.0655131026
-12.549709942
-47.9086817364
-63.7811562312
-69.5588117624
-89.3063612723
-129.943988798
-179.927785557
-215.26055211
-232.582016403
-218.099419884
-221.74834967
-224.399679936
-222.831266253
-226.397279456
-234.23754751
-235.150730146
-206.084416883
-184.712342468
-177.435787157
-174.886977395
-158.865473095
-128.047809562
-99.1659331866
-72.9800960192
-38.774954991
-17.2139427886
-18.0052010402
-19.2678535707
1.85277055411
32.9936987398
60.2461492298
71.1961392278
74.3473694739
80.3973794759
74.3835767153
58.5
65.351170234
68.2089417884
68.9550910182
42.6702340468
30.3421684337
36.8064612923
33.9221844369
17.5841168234
14.4558911782
13.4311862372
0.332866573313
-3.17043408682
-4.74974994999
17.1602320464
49.2266453291
40.2053410682
68.4306861372
88.5046009202
103.467393479
111.513302661
135.215543109
164.353570714
207.098419684
236.732946589
274.944588918
313.951290258
241.370074015
132.667733547
72.2514502901
90.6795359072
142.583616723
135.467093419
124.171234247
128.414382877
135.384676935
59.850970194
-10.5216043209
-17.4296859372
-31.2280456091
-62.1279255851
-114.981896379
-128.297759552
-96.7798559712
-85.0472094419
-81.5332066413
-63.3937787557
-48.0709141828
-80.7086417284
-117.669333867
-111.897379476
-68.2575515103
-8.47509501899
17.125525105
48.7871574315
77.0388077616
77.5020004001
82.7357471494
100.832466493
138.810062012
139.072014403
150.268253651
146.088417684
151.188537708
151.268253651
153.514402881
176.412282457
179.949389878
133.443988798
80.9623924785
52.3703740748
37.9081816363
23.1667333467
4.97479495899
-1.34156831366
-0.778355671136
-33.5354070814
-82.4546909382
-103.916283257
-99.3121624325
-108.585817163
-131.439887978
-144.801760352
-138.823764753
-131.106821364
-137.0
-121.477595519
-80.1828365673
-67.6444288858
-77.9956991398
-78.0197039408
-61.675535107
-40.2891578316
-29.9806961392
-7.19723944788
28.9155831166
45.4696939388
40.1963392679
29.6607321464
45.5979195839
50.4946989398
54.8445689138
46.2613522705
41.7899579916
32.8383676735
14.2537507501
-4.08461692339
-13.373774755
-58.3425685137
-116.814562913
-189.015403081
-204.578415683
-210.141428286
-190.342468494
-196.443588718
-175.428585717
-187.399079816
-212.24154831
-230.622524505
-230.915983197
-220.49089818
-211.5035007
-210.063012603
-181.647029406
-157.717043409
-133.264652931
-113.065413083
-76.3065613123
-65.8287657531
-67.7591518304
-67.1481296259
-57.8317663533
-22.6664332866
7.63532706542
31.4172834567
58.5954190838
71.1929385877
69.1827365473
59.2033406681
69.6963392679
68.8224644929
60.2631526305
53.6033206641
42.8319663933
37.824264853
42.8165633127
38.2721544309
40.400580116
51.4130826165
26.6421284257
0.612222444492
4.87787557511
-25.3180636127
5.71164232847
24.8873774755
33.7443488698
69.550310062
82.0
84.9068813763
102.106821364
110.100520104
129.900080016
155.706641328
164.338967794
185.830266053
246.406981396
274.090218044
318.00120024
307.132026405
196.862672534
131.101020204
76.4305861172
112.631026205
107.412882577
154.694938988
113.657931586
148.25495099
89.3919783957
19.6269253851
-19.8829765953
-42.5107021404
-79.3820764153
-75.574614923
-125.642428486
-121.0
-101.109721944
-75.49959992
-76.7879575915
-42.6679335867
-60.8438687738
-88.624924985
-99.0377075415
-84.9086817363
-36.3057611522
23.2702540508
51.1195239048
86.1235247049
103.24824965
95.5955191038
97.0068013603
131.00170034
129.422084417
155.041208242
155.116323265
144.517603521
152.404880976
153.887077415
158.364872975
162.50590118
132.130526105
96.3126625325
53.4173834767
27.8932786557
-7.525005001
-0.466793358669
-12.9132826565
-19.651230246
-34.275655131
-71.5783156631
-106.973194639
-113.5
-133.387477496
-139.276455291
-142.363372675
-147.354070814
-139.698239648
-136.0
-136.612222444
-101.485297059
-79.4151830366
-77.5142028406
-66.4601920384
-59.7371474295
-51.0835167033
-39.2665533107
-11.3891778356
13.3122624525
44.8641728346
58.900480096
49.0
55.6321264253
52.575315063
47.7085417083
52.1600320064
38.0065013003
32.7447489498
20.3064612923
-7.99609921986
-80.5720144029
-178.773054611
-213.094818964
-204.49509902
-158.791258252
-163.469593919
-169.101120224
-170.107121424
-176.617923585
-219.24084817
-235.929685937
-210.706241248
-204.162532506
-211.192038408
-216.5
-176.667133427
-131.198839768
-113.091918384
-94.0766153231
-73.2917583517
-71.5620124025
-103.131226245
-108.222744549
-64.9611922384
-1.56911382277
38.1461292258
29.9229845969
55.599719944
74.3848769754
39.300560112
23.4154830966
49.1220244049
87.4689937988
60.3477695539
23.2385477095
35.1681336267
48.7618523705
38.0932186437
28.5766153231
44.4523904781
46.5561112222
2.97179435887
-50.49879976
-22.8122624525
18.0389077816
7.45469093819
19.9296859372
42.7426485297
61.9231846369
54.4784956991
44.8984796959
75.0884176836
103.412482496
130.99829966
97.7480496099
135.689637928
198.914082817
205.837267453
242.570614123
284.542508502
308.856971394
326.571914383
248.297259452
135.083116623
125.513502701
99.8521704341
114.105021004
147.899679936
168.00240048
127.197339468
119.776555311
35.5406081216
-3.09431886377
-30.0331066213
-71.9978995799
-110.591818364
-86.2519503901
-111.575715143
-116.538707742
-71.9362872574
-70.6287257452
-60.1096219244
-52.3225645129
-108.304460892
-97.550810162
-91.8939787958
-67.6549309862
-0.371974394847
55.3379675935
81.8786757351
102.811162232
104.420284057
87.6483296659
106.99179836
124.0
119.770754151
159.719243849
161.013702741
150.305661132
166.543408682
172.123424685
158.622724545
154.229145829
98.7887577515
56.4435887177
39.8876775355
-3.01800360073
-9.70684136826
3.15423084617
-10.3787757552
-22.8664732947
-56.2791558312
-96.7324464893
-129.841668334
-139.226645329
-157.206441288
-154.220444089
-134.877775555
-144.608921784
-131.557911582
-112.799559912
-111.040108022
-80.2035407081
-68.8420684137
-72.5109021804
-55.7878575715
-56.3822764553
-46.4800960192
-8.59361872372
19.6937387478
44.5926185237
64.0432086417
59.4396879376
49.5015003001
33.0609121824
16.6066213243
14.6415283057
26.3409681936
12.8160632126
-6.57511502301
-18.5607121424
-58.9659931986
-118.726545309
-148.368773755
-167.528605721
-140.560512102
-148.688237648
-173.020604121
-175.432186437
-169.50310062
-186.444588918
-195.209441888
-184.060312062
-178.344968994
-182.674534907
-187.073914783
-171.49389878
-130.530906181
-107.846769354
-97.0093018604
-78.5894178836
-70.0667133427
-77.4647929586
-67.7044408882
-44.3769753951
-6.45409081816
21.8466693339
17.5771154231
21.2944588918
43.7478495699
32.3578715743
35.6190238048
43.9897979596
57.300160032
57.850870174
30.7313462692
20.5035007001
22.6895379076
24.3383676735
17.4079815963
5.70554110822
8.94398879776
4.25675135027
1.96519303861
1.53110622125
8.19703940788
14.6816363273
24.1662332467
8.27375475095
11.473994799
33.2400480096
48.799259852
76.3568713743
96.6375275055
126.704440888
136.021504301
143.534506901
154.042708542
169.99119824
207.823264653
233.414982997
250.817663533
292.659731946
295.029405881
301.5
257.275955191
157.959591918
121.48919784
85.2358471694
123.929985997
118.346169234
130.313762753
91.1489297859
81.8311662332
36.4333866773
-33.349469894
-63.8781756351
-85.6050210042
-111.422184437
-104.891678336
-117.782756551
-103.75115023
-79.550810162
-63.5705141028
-74.899079816
-70.5332066413
-87.0448089618
-96.9370874175
-71.2917583517
-42.2876575315
20.174734947
64.6982396479
89.8385677136
115.957691538
115.697139428
103.679835967
104.117223445
132.782356471
139.619323865
149.5090018
162.650130026
159.919783957
167.840468094
158.25395079
133.101420284
119.658231646
79.0542108422
41.8056611322
11.0934186837
-4.55621124225
-16.5052010402
-17.8157631526
-37.2814562913
-50.7107421484
-81.5889177836
-110.153530706
-135.465393079
-146.632026405
-146.086617323
-139.442788558
-127.072314463
-118.466993399
-109.466993399
-89.5132026405
-87.8044608922
-69.6672334467
-55.5
-55.5825165033
-39.9738947789
-23.2904580916
-3.72694538907
14.0214042809
33.8563712743
51.024704941
62.826165233
62.7365473095
53.4092818564
47.1100220044
44.1620324065
35.125425085
11.3134626925
-18.950890178
-32.7301460292
-55.6565313063
-107.217243449
-147.768753751
-151.293358672
-130.24814963
-133.526305261
-156.165833167
-178.76085217
-172.173234647
-190.970094019
-203.150130026
-185.298059612
-171.99729946
-163.294458892
-163.443788758
-151.831666333
-129.316463293
-112.116523305
-101.794858972
-89.8345669134
-62.5167033407
-61.8640728146
-60.1283256651
-34.9171834367
3.39557911584
28.6512302461
20.2823564713
22.5187037408
44.3968793759
34.976395279
13.7109421884
26.2602520504
56.4731946389
56.5071014203
41.0537107421
24.1484296859
30.1330266053
17.1178235647
-9.42888577716
-10.3046609322
-7.17853570715
-13.1960392079
-25.9796959392
-12.3424684937
7.7524504901
6.00840168033
9.0
1.03640728146
5.60752150431
16.4663932787
13.5869173835
55.0443088618
96.5463092619
113.016903381
129.639427886
131.159631926
141.037307462
163.73824765
176.102920584
189.727845569
231.034306861
266.172634527
289.529005801
302.929285857
315.175435087
271.067513503
170.458391678
119.978095619
73.2810562113
122.842168434
112.870974195
120.50760152
109.169433887
93.5703140628
28.624524905
-23.899979996
-76.3091618324
-95.3828765753
-105.947989598
-108.397879576
-118.540608122
-96.2602520504
-78.6204240848
-68.5909181836
-65.6063212643
-81.1479295859
-88.274254851
-88.3474694939
-78.2566513303
-36.700040008
26.2866573315
58.4648929786
99.8664732947
125.441288258
106.781056211
105.25455091
103.156631326
125.055711142
136.722544509
148.98789758
157.184036807
172.027305461
164.708941788
146.944388878
126.350170034
115.078715743
64.225945189
43.5628125625
6.39197839567
-12.2779555911
-15.0068013603
-21.1667333467
-35.924784957
-44.7084416884
-79.5382076415
-110.351870374
-134.028705741
-146.770754151
-142.26005201
-131.790858172
-122.402080416
-109.822764553
-96.9311862372
-93.3876775355
-84.4453890778
-66.0230046009
-55.0633126625
-50.3432686537
-28.0652130426
-20.5481096219
0.0831166233238
21.1766353271
36.3086617323
58.3543708742
59.2235447089
57.9560912182
50.6200240048
41.7113422685
30.8618723745
25.0465093019
22.0550110022
11.9371874375
-14.2519503901
-67.6673334667
-121.786457291
-140.613522705
-131.604920984
-119.346569314
-114.720444089
-126.75675135
-145.065613123
-162.850870174
-187.702240448
-192.838267654
-176.724744949
-174.549909982
-156.897879576
-150.163432687
-130.603820764
-115.605821164
-89.2444488898
-75.8442688538
-68.4038807762
-66.9115823165
-69.4517903581
-61.7952590518
-17.9549909982
6.96089217844
31.99909982
44.0633126625
41.8964792959
30.2721544309
11.6067213443
0.0798159632013
21.2888577716
40.4839967994
25.3026605321
31.9029805961
28.8448689738
15.2088417684
2.2975595119
-8.39957991599
-23.4314862973
-23.6312262452
-30.0601120224
-46.2569513903
-16.7420484097
2.30716143229
4.58351670334
19.8290658132
11.9561912382
8.67303460692
18.6270254051
0.569713942779
30.8920784157
76.8665733147
98.5042008402
115.592218444
143.891478296
153.094418884
150.972494499
164.785157031
170.736547309
211.436587317
221.908981796
238.414482897
265.487397479
305.74414883
293.355971194
277.867073415
235.649629926
143.812662532
95.8846769354
56.2799559912
71.3585717143
116.5105021
118.395279056
76.2658531706
55.0330066013
1.400280056
-68.9138827766
-102.454690938
-123.603120624
-109.352470494
-83.3896779356
-99.8600720144
-101.693638728
-60.949289858
-57.3781756351
-70.599419884
-55.6448289658
-66.0412082416
-54.4298859772
-33.1055211042
-2.81346269254
55.8858771754
118.144128826
121.25925185
136.978395679
121.214342869
97.5276055211
104.426185237
131.75995199
142.014502901
160.787557512
165.116423285
148.728645729
139.513302661
115.926985397
74.8782756551
61.448889778
35.1878375675
4.90678135626
-17.9763952791
-37.2071414283
-44.9804960992
-36.3834766953
-59.7381476295
-75.6419283857
-92.1652330466
-126.803260652
-145.834166833
-144.457191438
-132.045209042
-117.394378876
-95.3342668534
-85.4096819364
-75.7064412883
-67.2202440488
-70.9117823565
-47.9168833767
-25.1150230046
-20.0021004201
-2.93188637727
15.6019203841
23.3550710142
46.9632926585
51.2895579116
56.3650730146
60.9148829766
49.00130026
27.8203640728
27.8359671934
16.0292058412
-12.5653130626
-22.9673934787
-47.1290258052
-53.8672734547
-83.5116023205
-111.385177035
-129.441288258
-114.205241048
-134.449189838
-148.174434887
-151.079515903
-153.359071814
-164.628225645
-161.782056411
-168.482096419
-147.294958992
-133.866773355
-130.435987197
-117.579915983
-98.4897979596
-97.4924984997
-82.0338067613
-66.3596719344
-47.1648329666
-32.3207641528
-29.0
-18.2089417884
0.268653730747
9.33866773355
4.06681336267
15.2019403881
23.8355671134
15.449589918
5.29285857171
-3.80266053211
2.10442088418
9.6725345069
-5.10102020405
-12.8180636127
-7.85957191438
-17.2650530106
-29.6019203841
-35.49959992
-37.2380476095
-36.2941588318
-36.6900380076
-45.5466093219
-24.2734546909
-22.8645729146
-21.825065013
-1.87127425485
3.5
17.0363072615
27.8708741748
32.0268053611
64.6618323665
78.7883576715
90.1640328066
112.203340668
135.914982997
141.888877776
156.150530106
153.194338868
166.077015403
186.418183637
193.903380676
224.222344469
238.826865373
254.437387477
245.563312663
258.914782957
229.25625125
193.613122624
97.7647529506
59.5039007801
54.5521104221
77.574214843
65.0081016203
69.0233046609
39.4518903781
17.8685737147
-41.8223644729
-88.8875775155
-106.137527505
-100.096019204
-100.473394679
-83.9970994199
-82.8107621524
-77.0530106021
-54.7890578116
-53.2803560712
-49.7658531706
-42.973994799
-42.9589917984
-30.5393078616
-5.26405281056
35.5921184237
70.8232646529
107.977595519
127.0
123.556811362
102.077215443
83.8225645129
98.6327265453
125.772354471
126.717543509
139.041008202
137.5065013
122.963792759
92.6464292858
73.025105021
47.3883776755
31.6483296659
5.63742748549
-17.1177235447
-31.4479895979
-41.1973394679
-49.8831766353
-57.3693738748
-60.8401680336
-76.724944989
-99.8587717544
-122.877075415
-129.163032607
-113.387677536
-102.418483697
-96.4123824765
-72.8401680336
-58.1524304861
-50.8369673935
-52.3446689338
-40.5404080816
-22.200540108
-10.4710942188
-2.25095019003
7.20094018804
26.0684136827
34.8549709942
43.874874975
51.5
50.7108421684
48.2175435087
35.2483496699
29.3343668734
31.3687737548
25.8208641728
7.61472294457
-36.2074414883
-54.425385077
-73.5
-72.2545509102
-90.4583916783
-98.1865373075
-117.771054211
-137.675435087
-155.869773955
-152.179635927
-142.736747349
-142.379375875
-139.170034007
-135.863572715
-130.75025005
-128.682236447
-120.395279056
-99.6554310862
-80.6853370674
-76.2438487698
-75.0
-65.7359471894
-44.9426885377
-26.874574915
-7.80216043209
-3.83846769354
1.23624724945
2.4176835367
-9.2350470094
-8.09681936387
-0.326565313058
8.28565713143
1.94328865773
-6.63512702541
-10.1689337868
-20.0097019404
-28.4885977195
-29.3802760552
-27.4023804761
-29.7841568314
-44.0144028806
-54.5216043209
-51.6962392478
-42.5
-44.8427685537
-42.9329865973
-27.649329866
-30.2309461892
-31.5179035807
-25.3383676735
-7.96739347868
21.5137027406
33.2521504301
34.6973394679
57.4766953391
73.0
73.2621524305
93.8541708342
116.177435487
129.815063013
139.686937387
138.972694539
146.828365673
163.774454891
172.797259452
179.166633327
208.677135427
217.012602521
221.00140028
212.049009802
212.970594119
204.145629126
160.728445689
78.1720344069
36.6823364673
32.6541308262
48.3413682737
49.7598519704
32.0855171034
19.1639327866
6.33436687337
-48.9618923785
-86.9824964993
-104.114822965
-104.74504901
-87.4324864973
-76.0862172435
-73.5097019404
-68.7866573315
-46.3518703741
-44.1625325065
-43.0293058612
-35.4475895179
-37.2877575515
-16.7935587117
11.6348269654
38.4183836767
77.3829765953
101.292058412
115.309761952
115.9914983
96.175035007
75.7611522304
90.1770354071
107.228945789
111.715743149
116.395979196
112.099319864
102.651530306
78.0958191638
54.1073214643
28.6480296059
15.3671734347
-10.1954390878
-30.9267853571
-36.3323664733
-48.1792358472
-53.5067013403
-54.3093618724
-70.1277255451
-83.700440088
-97.1289257852
-112.339267854
-113.057211442
-102.548809762
-91.0340068014
-75.5679135827
-53.8563712742
-44.8262652531
-35.4690938188
-37.4883976795
-30.9224844969
-18.9453890778
-3.74984996999
-0.534206841364
16.8622724545
29.4424884977
41.4692938588
46.3655731146
44.1383276655
43.9461892378
45.6845369074
32.2768553711
17.8268653731
3.00770154031
-4.63072614523
-10.849969994
-20.5691138228
-33.3651730346
-60.1456291258
-84.6917383477
-113.072514503
-127.134426885
-127.653930786
-123.919183837
-122.173334667
-125.057411482
-137.603420684
-139.307561512
-135.75035007
-124.350970194
-115.366573315
-108.665133027
-99.6547309462
-87.4545909182
-77.1195239048
-69.024304861
-56.8322664533
-42.0778155631
-32.7200440088
-29.0727145429
-27.8962792559
-22.5013002601
-10.7318463693
-2.60482096419
0.353270654134
4.16213242649
-3.6449289858
-12.3070614123
-21.2916583317
-27.4143828766
-29.5652130426
-29.8113622725
-37.3450690138
-44.3219643929
-49.599619924
-54.9797959592
-58.7105421084
-58.7704540908
-59.3623724745
-56.7805561112
-55.5534106821
-51.0443088618
-43.2529505901
-29.0833166633
-22.0565113023
-20.6829365873
-2.9675935187
0.000500100019053
7.94668933788
23.9840968194
34.299359872
68.0930186037
83.5195039008
78.0398079616
102.847069414
111.062112422
120.046209242
127.866273255
125.0
135.070814163
159.396279256
156.370874175
165.767953591
173.822064413
185.0
181.691338268
204.353170634
181.309061812
179.230046009
117.102920584
60.9309861972
22.7973594719
24.9382876575
14.3977795559
45.7691538308
27.174434887
6.33576715343
-17.1979395879
-58.4327865573
-85.7530506101
-85.6273254651
-95.6682336467
-80.8903780756
-69.0555111022
-63.7854570914
-61.6726345269
-45.0573114623
-35.8299659932
-29.0813162632
-15.7041408282
-23.5025005001
-9.81336267252
18.0087017404
44.5332066413
84.475495099
108.629825965
110.622124425
111.527405481
88.1462292458
78.3514702941
83.2305461092
94.7909581916
95.8795759152
110.863572715
99.2961592318
83.1303260652
57.9135827165
36.2194438888
17.3514702941
1.36797359472
-17.6716343269
-39.0198039608
-41.50110022
-48.4559911982
-57.049509902
-53.475795159
-67.6064212843
-66.5198039608
-86.2059411882
-105.334966993
-97.9711942388
-82.2464492899
-68.3124624925
-47.600720144
-37.374074815
-28.5061012202
-21.1089217844
-24.650130026
-18.6824364873
-4.09411882376
9.86027205441
17.9839967994
31.0519103821
35.0
34.4825965193
41.7326465293
39.400780156
33.9840968194
32.1107221444
14.2316463293
6.424884977
3.39777955591
-9.10712142429
-16.1199239848
-25.3933786757
-41.7132426485
-69.6075215043
-97.4287857572
-113.164932987
-108.930286057
-110.5
-115.341968394
-116.309161832
-116.524704941
-130.850870174
-134.167733547
-126.119823965
-114.086017203
-99.2768553711
-94.9107821564
-91.224644929
-76.149329866
-64.7154430886
-57.3785757151
-45.1063212642
-37.8185637127
-32.7094418884
-31.8012602521
-31.8985797159
-25.4803960792
-10.973894779
-10.4109821964
-11.4263852771
-8.58731746349
-20.6284256851
-32.5274054811
-36.9969993999
-36.4982996599
-36.5047009402
-43.6730346069
-55.400780156
-52.9674934987
-56.3592718544
-64.8218643729
-65.0
-64.4366873375
-61.6420284057
-59.474494899
-57.5185037007
-41.1588317664
-31.3054610922
-22.0857171434
-21.175835167
-11.8121624325
-7.06631326265
3.33786757352
15.2779555911
23.1476295259
58.2022404481
55.1778355671
63.9798959792
78.5971194239
95.1547309462
110.403880776
112.951790358
118.0
122.324864973
136.435387077
133.582016403
141.633326665
154.836967393
156.790658132
165.287457492
169.842168434
163.136727345
186.177435487
171.114422885
138.983096619
71.349269854
39.7655531106
2.6650330066
29.2971594319
30.1965393079
31.7798559712
21.2273454691
0.134926985398
-27.225545109
-53.5285057012
-80.1331266253
-80.0109021804
-63.6889377876
-53.8708741748
-57.275855171
-42.0644128826
-31.6017203441
-21.0355071014
-9.13172634527
-15.4818963793
-8.8574714943
-1.9375875175
6.30896179236
30.075615123
65.2189437888
93.399979996
111.705741148
102.190538108
81.7648529706
73.0408081616
72.5970194039
72.8313662733
85.1541308262
92.2135427085
90.3172634527
77.9350870174
61.3524704941
36.075415083
20.8303660732
10.2658531706
-10.9978995799
-19.400480096
-39.2953590718
-41.7972594519
-40.3436687337
-43.7539507902
-43.8282656531
-49.4616923385
-62.2207441488
-76.2335467093
-77.5127025405
-69.6307261452
-52.9614922985
-32.2410482096
-23.5334066813
-14.6026205241
-12.0
-12.3717743549
-5.34906981395
3.95629125825
13.6613322665
23.2073414683
31.8075615123
35.1973394679
39.0689137828
40.6361272254
32.0871174235
33.1667333467
24.0470094019
12.5699139828
-0.643428685738
0.771454290858
0.935987197439
0.5
-3.89417883577
-17.9319863973
-24.8263652731
-49.574214843
-73.7045409082
-80.5094018804
-82.3339667934
-82.9554910982
-83.2805561112
-97.8582716543
-97.0712142428
-99.7360472094
-94.9898979796
-92.449989998
-80.5096019204
-88.2427485497
-83.0477095419
-81.0366073215
-68.6430286057
-53.5702140428
-40.1035207041
-35.5201040208
-26.5568113623
-31.1774354871
-38.0361072214
-39.2694538908
-28.9561912382
-22.9765953191
-18.5
-23.2517503501
-25.2960592118
-27.4346869374
-39.8308661732
-38.8584716943
-38.925385077
-46.1861372274
-49.7530506101
-62.3191638328
-63.2700540108
-59.4683936787
-55.7817563513
-62.0
-59.8945789158
-62.4850970194
-63.5656131226
-61.100920184
-55.4665933187
-40.4947989598
-25.2711542308
-18.5295059012
-9.22604520904
-6.67023404681
0.348569713948
6.0
6.19673934787
18.5123024605
33.3846769354
46.3022604521
62.3296659332
65.7626525305
71.3547709542
88.9284856971
91.2297459492
96.200840168
100.76055211
101.116123225
112.406481296
112.128025605
124.088917784
124.946689338
136.426485297
126.329065813
139.290558112
154.726845369
161.185937187
153.894978996
141.199639928
95.1863372674
54.0298059612
12.4684936987
14.9684936988
31.9271854371
45.9810962192
30.7527505501
17.2401480296
1.75205041007
-25.7280456091
-51.4545909182
-68.7174434887
-54.6917383477
-36.9194838968
-39.4558911782
-34.6816363273
-20.725345069
-8.69433886777
-10.1190238048
-10.9400880176
-6.0
-1.7474494899
11.601020204
19.9520904181
55.6041208242
84.1165233047
94.6806361272
94.0650130026
85.4900980196
71.8149629926
61.9514902981
61.6234246849
73.4791958392
88.5309061812
85.4689937988
74.624924985
68.2882576515
52.8881776355
30.3209641928
7.90378075615
-0.490398079622
-6.70384076815
-14.4364872975
-25.4421884377
-28.2981596319
-21.0
-28.8266653331
-39.6305261052
-52.074614923
-62.1422284457
-62.9517903581
-65.1829365873
-52.8565713143
-33.7200440088
-19.1795359072
-10.8079615923
-8.1175235047
-1.74184836967
-7.78645729146
-3.60872174434
7.1150230046
18.773954791
26.7710542108
31.0688137628
32.5534106821
42.9809961992
35.9321864373
29.9945989198
23.0041008202
20.5295059012
13.7402480496
14.0544108822
3.96509301861
6.47869573915
3.55031006201
-2.82596519304
-8.95429085818
-19.2430486097
-30.4660932186
-40.0559111822
-45.0965193039
-42.1042208442
-41.3059611922
-64.5860172035
-90.2950590118
-102.094918984
-98.4281856371
-95.349569914
-90.0941188238
-76.5804160832
-55.5515103021
-53.275055011
-72.6440288058
-83.9016803361
-71.0217043409
-62.2421484297
-47.2388477695
-36.0235047009
-24.2054410882
-18.9856971394
-20.2472494499
-26.5
-28.5319063813
-29.0422084417
-39.8279655931
-42.1445289058
-35.9064812963
-36.1089217844
-33.5
-32.9595919184
-24.9310862172
-35.9883976795
-59.3347669534
-75.7466493299
-70.7918583717
-67.0848169634
-70.2475495099
-62.5981196239
-52.4445889178
-48.3968793759
-60.1679335867
-65.9429885977
-54.0599119824
-42.5692138428
-34.8707741548
-26.9369873975
-13.9832966593
0.458491698339
5.96619323865
5.05221044209
11.0736147229
24.8195639128
35.5
32.0047009402
39.9441888378
58.6394278856
69.8887777556
81.0902180436
80.1728345669
79.2454490898
91.7655531106
88.198939788
88.3149629926
98.6634326865
91.0894178836
107.820164033
115.342768554
118.918783757
117.939887978
132.918483697
139.932186437
146.891678336
130.765453091
78.6865373075
50.9153830766
32.7413482696
25.5908181636
37.5686137227
28.4930986197
29.7376475295
33.0316063213
5.72464492898
-15.8597719544
-40.7176435287
-46.8651730346
-40.2534506901
-32.3705741148
-33.8327665533
-18.1455291058
-15.8458691738
-11.6448289658
-3.68943788757
-0.389877975598
-1.09361872374
-1.16023204641
6.03100620125
25.973394679
50.9553910782
69.2974594919
80.3461692339
86.7833566713
78.2462492498
63.0283056611
55.7795559112
55.1088217644
71.9266853371
73.9450890178
72.4205841168
72.0
70.0839167834
48.9931986397
27.7569513903
15.0659131826
6.45019003801
2.42348469694
-8.11572314464
-13.7348469694
-13.4975995199
-13.5
-23.9284856971
-27.1568313663
-36.3721744349
-42.9638927786
-42.6095219044
-41.8787757551
-31.8552710542
-16.200740148
-12.4626925385
-6.66463292658
2.6399279856
0.902280456092
1.60542108422
2.85407081417
11.8958791758
21.6144228846
27.7956591318
27.1439287858
35.6660332066
36.1813362673
31.5846169234
26.674734947
23.9560912182
17.0
16.3956791358
11.9693938788
9.18013602721
3.97669533907
-0.399479895987
-12.0819163833
-21.6458291658
-36.7447489498
-39.8702740548
-46.7328465693
-46.1374274855
-50.2174434887
-55.1292258452
-61.5102020404
-67.1528305661
-57.2799559912
-68.0368073615
-74.8424684937
-80.1588317664
-73.4545909182
-67.2315463093
-55.9382876575
-50.6327265453
-44.1874374875
-41.4566913383
-46.3288657732
-48.800960192
-47.3115623125
-37.8606721344
-27.3423684737
-27.4288857772
-30.5951190238
-28.2778555711
-31.0720144029
-38.5806161232
-46.5
-40.450190038
-43.0430086017
-50.5190038008
-53.50090018
-53.7470494099
-54.5136027205
-55.3934786957
-62.0145029006
-63.1582316463
-69.4111822365
-75.9633926785
-76.149529906
-69.4862972594
-66.5376075215
-65.2914582917
-62.5906181236
-59.3932786557
-48.8710742148
-44.7274454891
-36.6071214243
-23.0330066013
-9.54730946189
-2.64452890578
0.0
2.03030606122
12.3294658932
17.526005201
19.5848169634
27.6546309262
34.5078015603
49.6162232446
48.9622924585
54.0315063013
65.0415083017
60.7891578316
65.2553510702
67.7476495299
73.7198439688
77.7677535507
83.2604520904
84.849469894
85.5457091418
99.899279856
100.081216243
114.74414883
121.017503501
123.353170634
123.528005601
107.947689538
76.1108221644
50.5805161032
40.3393678736
36.2465493099
44.074914983
34.400380076
29.300660132
27.1723344669
8.10562112421
-2.31286257251
-18.1346269254
-27.9685937187
-21.2795559112
-21.4762952591
-20.9602920584
-15.823964793
0.0972194438946
-0.483396679336
2.01780356071
3.99399879975
-3.00650130026
3.44318863773
12.2171434287
27.2335467094
48.9328865773
63.7974594919
71.7763552711
73.348969794
65.4086817363
56.575815163
59.5835167033
57.5912182436
66.4091818364
75.5533106621
66.3071614323
61.4880976195
54.1486297259
45.8435687137
32.6128225645
23.6113222644
11.9815963193
8.75235047009
2.37967593518
-4.0
-5.96299259852
-6.59951990398
-7.79325865173
-13.9638927786
-22.9724944989
-28.425385077
-27.0
-21.9809961992
-18.3882776555
-8.78195639128
-3.88417683537
-1.27605521104
0.283756751349
-1.5
2.30126025205
7.42598519704
18.3344668934
26.3554710942
28.0850170034
26.5065013003
24.1134226845
26.4407881576
23.2215443089
21.7630526105
19.3142628526
13.6516303261
12.7831566313
4.8974794959
3.31396279256
0.622024404881
-6.61642328466
-9.5699139828
-19.5311062212
-22.7180436087
-27.0936187237
-29.3086617323
-48.1727345469
-56.3092618524
-58.9839967994
-53.2292458492
-58.50090018
-60.9786957391
-68.9777955591
-63.5675135027
-65.4093818764
-70.3862772555
-71.6140228046
-59.2665533107
-50.6830366073
-46.7938587718
-54.3089617924
-50.876175235
-40.5968193639
-44.599519904
-38.1608321664
-37.3074614923
-37.3160632126
-44.1848369674
-42.2070414083
-41.1457291458
-37.7301460292
-38.0083016603
-44.3311662332
-45.1617323465
-48.5394078816
-55.924184837
-60.400180036
-53.0610122024
-54.2849569914
-59.6931386277
-69.5782156431
-66.8690738148
-63.8604720944
-67.1090218044
-69.2612522504
-64.5
-65.0533106621
-63.3234646929
-62.4380876175
-57.199639928
-44.9596919384
-34.4454890978
-29.8228645729
-14.2375475095
-2.52220444088
-0.691938387678
3.11582316463
4.56931386277
9.44638927786
11.2464492899
15.3077615523
23.4851970394
37.300960192
46.2227445489
45.5465093019
54.1540308062
53.6460292058
61.5924184837
56.2304460892
61.6617323465
69.1540308062
78.1848369674
86.5
83.0693138628
94.5077015403
91.5
