-18.5
-17.0
-17.0
-19.3077615523
-17.9537907582
-19.5
-15.5924184837
-20.0
-20.8767753551
-20.9306861372
-20.0770154031
-17.7076415283
-18.0924184837
-17.50030006
-16.2843568714
-19.8077615523
-17.6232246449
-17.7381476295
-17.7079415883
-17.9389877976
-19.9608921784
-16.6617323465
-16.9152830566
-18.0
-16.4075815163
-19.0776155231
-20.699039808
-15.7698539708
-16.6765353071
-17.3616723345
-17.5
-16.8693738748
-12.4928985797
-15.1312262452
-10.6546309262
-8.96089217844
-8.27725545109
-4.8924784957
-6.70734146829
-7.80036007201
-8.84596919384
-7.77635527105
-8.83826765353
-6.24674934987
-5.33056611322
-5.84656931386
-5.85427085417
-6.13802760552
-6.31516303261
-5.31606321264
-2.8074614923
-2.05361072214
-2.40048009602
-1.27045409082
-0.584116823365
2.34716943389
0.284356871374
1.12202440488
2.61672334467
4.54560912182
5.03790758152
5.04530906181
5.4774954991
5.02960592118
9.48579715943
11.4975995199
10.4833966793
12.5080016003
10.2381476295
11.5
11.5
12.0702140428
15.1635327065
13.2822564513
13.2902580516
14.1164232847
16.5853170634
17.0
16.5
17.9457891578
17.075815163
15.9380876175
16.6842368474
18.6392278456
19.5
18.8453690738
21.675335067
20.3400680136
21.3388677736
24.4436887377
22.1931386277
19.200840168
21.2085417083
21.0675135027
20.776055211
22.2316463293
18.2606521304
18.7470494099
19.0
19.2375475095
17.0
14.9724944989
15.6072214443
14.8533706741
11.599519904
10.9629925985
10.0918183637
8.82406481296
9.83176635327
6.84866973395
6.0
6.3225645129
3.41228245649
1.85137027405
1.25595119024
0.728645729146
-1.18013602721
0.903780756151
-0.5
-1.79175835167
-7.46209241848
-5.93188637728
-5.96979395879
-6.55271054211
-6.0225045009
-7.57461492298
-7.97039407882
-9.28285657131
-13.0071014203
-12.7532506501
-12.50060012
-13.2366473295
-13.5
-14.7378475695
-15.0320064013
-15.4602920584
-13.5948189638
-16.4448889778
-16.9057811562
-16.4294858972
-18.9608921784
-19.4647929586
-19.5
-18.8953790758
-20.8909781956
-20.8832766553
-23.0
-20.2124424885
-20.650430086
-18.6475295059
-18.7671534307
-20.0
-19.5853170634
-21.1958391678
-17.8139627926
-19.6531306261
-20.399279856
-18.8545709142
-17.5
-17.8113622725
-17.0355071014
-20.6099219844
-17.7523504701
-16.6223244649
-15.8945789158
-17.6561312262
-16.5
-16.7861572314
-14.3530706141
-14.5953190638
-15.4277855571
-15.0
-16.5
-17.0
-14.8299659932
-15.1955391078
-13.8222644529
-11.6579315863
-9.12912582517
-11.0607121424
-13.8068613723
-12.9469893979
-13.0983196639
-11.9546909382
-12.2914582917
-10.0
-11.8512702541
-8.61962392479
-12.0
-12.9555911182
-10.2316463293
-9.4274854971
-6.78195639128
-6.99319863973
-6.74704940988
-7.49909981996
-7.74524904981
-5.5
-7.57471494299
-6.4673934787
-7.77015403081
-6.52400480096
-4.22214442889
-6.03170634127
-2.28555711142
-1.46059211842
0.413482696539
-0.641328265653
0.300960192038
1.94518903781
0.382676535307
0.625025005001
2.36727345469
3.92978595719
1.02780556111
0.811662332466
1.99529905981
0.0856171234246
3.80266053211
5.59331866373
5.45849169834
8.29795959192
10.3548709742
9.10872174435
7.91228245649
9.61642328466
10.8513702741
12.2552510502
14.0
13.3681736347
16.5
17.5
18.8198639728
17.7361472294
19.901080216
20.3802760552
20.5912182436
21.5
20.8329665933
19.3296659332
20.924184837
21.8219643929
20.7956591318
21.7570514103
23.5604120824
20.5
20.7364472895
22.6954390878
18.774954991
17.0381076215
20.850770154
17.9330866173
17.4703940788
18.0515103021
18.4780956191
14.4277855571
18.400580116
13.7810562112
12.0
13.0053010602
15.0
11.7550510102
11.5178035607
8.26275255051
9.45019003801
10.3113622725
6.57291458292
5.55631126225
5.40398079616
2.71414282857
0.698539707941
1.29355871174
0.0474094818964
-0.205041008202
-0.389777955591
0.382076415283
-2.37437487498
-0.916683336667
-1.07051410282
0.0269053810763
-5.03070614123
-5.5
-5.17183436687
-5.62162432487
-5.06171234247
-6.76265253051
-5.70264052811
-9.06551310262
-7.5
-8.41138227646
-9.0
-12.6117223445
-12.1267253451
-13.7434486897
-13.3678735747
-13.5439087818
-14.0
-14.8189637928
-15.5
-14.9930986197
-16.6209241848
-13.0
-14.674134827
-15.1671334267
-15.9880976195
-14.2265453091
-13.6783356671
-13.9321864373
-13.3139627926
-13.7595519104
-12.3062612523
-14.8951790358
-11.2014402881
-11.8658731746
-10.0817163433
-8.57401480296
-8.36737347469
-10.8827765553
-9.05091018204
-7.08641728346
-6.69673934787
-7.93048609722
-8.78015603121
-6.49379875975
-5.74294858972
-6.49399879976
-6.02140428086
-6.49079815963
-7.5
-5.51690338068
-7.5
-5.57381476295
-6.77845569114
-6.46769353871
-6.5
-4.1200240048
-3.29385877175
-3.5
-4.5
-4.94458891778
-4.26295259052
-5.56311262252
-4.63392678536
-3.57081416283
-3.0
-2.42148429686
-1.49709941988
-4.48269653931
-2.97979595919
-3.18783756751
-4.08661732346
-2.5
0.0
-0.781356271254
-1.86317263453
-1.5
1.25825165033
0.249449889978
1.22854570914
2.26485297059
2.5451090218
3.35987197439
3.0301060212
0.591318263653
2.10672134427
1.37787557512
0.68123624725
5.67353470694
3.0
5.98719743949
4.87607521504
8.0
8.3649729946
9.25465093019
8.0
11.9178835767
12.0
10.9034806961
10.9555911182
11.5339067814
13.5
11.4342868574
14.8549709942
13.100620124
12.9786957391
15.0698139628
15.5136027205
15.0
14.5118023605
17.7479495899
18.4963992799
16.7330466093
16.0095019004
16.9465893179
17.5516103221
20.5842168434
18.950190038
18.1150230046
14.0652130426
13.1406281256
13.5403080616
15.9116823365
17.0480096019
17.5944188838
17.6671334267
17.0
15.3097619524
14.8172634527
15.2133426685
13.974894979
14.2635527105
9.83266653331
11.3269653931
11.3403680736
11.8115623125
10.6961392278
10.1019203841
10.5
9.10962192438
7.5
5.73464692939
5.48469693939
4.5
2.62112422485
2.5
4.95369073815
4.20214042809
1.68283656731
1.55561112222
1.09801960392
2.0
-0.909681936387
-0.00940188037634
-0.16523304661
-1.85617123425
-2.0
-2.64212842569
-1.97049409882
-5.68663732747
-7.0
-5.88867773555
-5.0
-8.59591918384
-8.95589117824
-7.0
-7.64562912583
-8.86977395479
-12.5
-11.0
-11.0210042008
-12.8014602921
-12.5133026605
-15.7405481096
-16.5056011202
-15.2517503501
-14.0063012603
-12.5357071414
-10.5098019604
-20.3088617724
-13.2625525105
-3.87187437488
-3.57561512302
-16.5581116223
-5.46069213843
-4.1324264853
-12.2563512703
-10.4110822164
-6.33816763353
-10.6978395679
-9.11202240448
-7.69013802761
-8.80886177235
-10.9526905381
-6.42848569714
-6.12632526505
-4.60442088418
-3.83296659332
-0.673634726945
-4.68133626725
-6.62192438488
-4.15163032607
-7.5
-6.93178635727
-6.21984396879
-3.08981796359
-6.85287057411
-5.98589717944
-3.75065013003
-4.8624724945
-1.13302660532
-1.5475095019
0.640728145629
-3.0
-2.5
-3.51140228046
0.468393678736
-3.9099819964
-3.16383276655
0.170734146829
-4.67153430686
-3.27615523105
-0.679235847169
-1.26765353071
-2.37387477495
-3.44078815763
-0.889277855571
-2.2424484897
0.404680936187
-1.0876175235
-0.210042008402
0.572214442889
0.935487097419
1.0
-1.67633526705
0.458591718344
0.233146629326
0.960992198439
0.295759151831
2.02120424085
5.25145029006
1.51440288058
3.75625125025
1.9898979796
1.58371674335
5.83976795359
3.72834566913
5.47449489898
5.5
5.46679335867
7.28705741148
8.45909181836
11.0895179036
9.5
8.98769753951
8.1126225245
9.81016203241
8.19203840768
10.9535907181
12.2848569714
8.52330466093
10.4205841168
9.83326665333
12.1515303061
9.63612722545
11.3792758552
10.8486697339
13.1924384877
10.2181436287
13.3897779556
10.4562912583
13.7924584917
9.5
10.5
11.1205241048
12.7666533307
10.225645129
9.64102820564
11.2102420484
11.2974594919
13.0
13.8128625725
12.8205641128
13.0076015203
13.1640328066
14.8436687337
12.2229445889
12.5386077215
8.06661332266
10.6872374475
11.7643528706
7.1949389878
7.15363072615
11.2973594719
5.34806961392
8.18273654731
6.92838567714
7.43608721744
1.66863372675
3.40298059612
-0.938787757551
0.200340068013
0.525405081016
-0.0354070814165
1.0100020004
0.748849769954
0.497299459892
-0.447589517904
0.937587517504
-0.76425285057
0.0
-1.31586317263
-2.39677935587
-0.0593118623724
-3.86597319464
-1.21264252851
-1.54120824165
0.0247049409884
-2.25545109022
-1.40828165633
-2.88677735547
-1.63722744549
-5.06431286257
-4.40918183637
-4.50410082016
-2.84826965393
-6.84056811362
-1.66713342669
0.5
-2.74604920984
-2.14142828566
1.65103020604
-4.08871774355
-10.5733146629
-0.436787357471
3.9149829966
2.6724344869
-41.5468093619
-5.28885777155
-13.2348469694
1.57341468294
-32.8366673335
1.65203040608
-11.2903580716
-5.40388077616
-14.7662532506
-0.619223844769
-7.71164232847
-7.19793958792
-0.990298059612
-11.0
2.35357071414
-15.2370474095
4.96949389878
-1.4373874775
-15.5897179436
-9.0
14.0418083617
-18.9117823565
-7.54940988198
9.23614722945
-6.14202840568
-1.6550310062
-4.74924984997
15.0553110622
-30.7736547309
17.4736947389
-18.6899379876
3.41448289658
-13.9341868374
6.25425085017
-14.9309861972
1.18833766753
-10.4143828766
1.5
4.98159631926
-12.7722544509
9.0301060212
-5.95969193839
-1.76335267053
-4.1025205041
-1.70944188838
-0.137127425485
1.45869173835
-3.0449089818
1.97559511902
-0.243048609722
-4.54770954191
1.86617323465
-1.86157231446
-2.36917383477
4.37977595519
-2.16133226645
1.38597719544
-0.366273254651
2.19083816763
-3.79415883177
-0.881276255251
3.85697139428
0.221644328866
4.27065413083
-2.55181036207
2.38287657532
-3.99019803961
2.8800760152
-0.866073214643
1.67333466693
-3.00860172034
9.05931186237
0.55201040208
3.24134826965
8.73124624925
5.10882176435
2.51160232046
6.1274254851
2.72374474895
5.18913782757
3.33836767353
-4.05621124225
-0.193238647729
10.625325065
1.7624524905
10.1396279256
3.56111222244
8.51310262052
3.85927185437
15.4014802961
1.96949389878
4.3624724945
3.82096419284
9.2425485097
2.89357871574
12.3789757952
1.51650330066
6.53960792159
9.99339867973
0.00330066013191
3.94278855771
11.9669933987
-1.05691138228
6.68203640728
10.5921184237
4.44888977795
-3.98409681936
10.3976795359
-1.36387277455
12.24914983
-3.02620524105
4.7426485297
-1.7075415083
11.0721144229
-11.4884976995
9.41578315663
-2.23134626925
0.290458091618
-2.93818763753
4.66063212643
-6.33166633327
-2.11612322464
-4.73944788958
-0.244348869773
-5.20344068814
-3.74104820964
-0.712742548511
-5.38897779556
-8.02540508102
3.02940588118
-0.546509301862
-10.5122024405
-3.57661532307
-2.01340268053
-10.1265253051
0.884076815366
-1.89707941589
-13.3977795559
-14.6487297459
9.48269653931
-7.6875375075
-4.64542908582
-17.3231646329
6.28195639128
-13.0773154631
-6.14342868574
-5.84576915383
-7.09821964393
-18.2458491698
-4.34576915383
-14.0851170234
-4.73004600921
-21.900880176
12.1822364473
-11.8018603721
-8.21584316864
-17.6191238248
7.78025605121
-16.1099219844
7.96869373875
-19.6888377676
-6.19783956791
-13.9835967193
12.2562512503
-11.8163632727
-28.4470894179
7.03390678136
16.5985197039
-48.6638327666
-8.09421884377
32.0920184037
-23.4832966593
-24.2891578316
20.9537907581
-20.9104820964
-4.00910182037
-5.34106821364
-7.34856971395
-12.7159431886
10.6158231646
-5.86947389478
-26.1906381276
10.1042208442
9.26765353071
-27.6141228246
-5.39567913582
-2.40888177636
-3.47469493899
-11.7353470694
-6.19453890778
2.97069413883
-0.00600120023887
-7.99159831967
-19.5540108022
5.83386677335
-3.73784756951
0.880476095219
-12.9202840568
-7.73324664933
8.33946789358
-6.08651730346
-16.1686337267
-2.14922984597
8.86597319464
-12.1676335267
7.09811962393
-5.0600120024
-6.0
19.7325465093
-24.0118023605
3.52380476095
-0.126325265054
6.40688137628
-24.9228845769
8.19303860772
7.59961992399
9.08861772354
-28.1538307662
-0.807661532306
19.8460692138
1.32336467294
-12.6614322865
4.41858371674
15.9231846369
-10.1645329066
7.21854370874
6.80106021204
-0.954390878176
-0.000200040008167
28.9219843969
-17.9534906981
4.80276055211
8.80186037208
20.8860772154
-14.6899379876
1.66203240648
17.5529105821
-5.10522104422
4.47759551911
-15.1340268054
30.1860372074
-14.8441688338
-3.84356871374
-0.0203040608105
9.60322064412
5.41038207642
-5.06791358271
1.67143428685
11.3421684337
-1.24884976996
13.025805161
-12.5317063413
10.5822164433
15.7110422084
0.148129625927
9.41608321664
2.02770554112
10.4267853571
1.09181836368
-4.96979395879
5.1474294859
6.02550510102
-0.3575715143
13.7303460692
-11.3377675535
5.65633126626
-7.62172434487
15.3967793559
-11.8142628526
13.7634526905
-11.2063412682
20.8436687337
-8.0974194839
0.673334666933
-0.126225245047
19.6724344869
-28.3303660732
1.68873774755
12.7536507301
-8.91068213643
12.3069613923
-9.79585917183
6.15163032606
-22.0158031606
28.1525305061
-21.9035807161
3.56331266252
3.7296459292
-2.81476295261
-12.3801760352
-1.03770754152
-3.1177235447
-2.74854970995
-22.5266053211
9.61342268453
-0.112722544507
-29.4881976395
26.1219243849
-18.3334666933
-10.6316263253
-27.7475495099
15.9924984997
5.5647129426
-31.5234046809
16.9124824965
-7.49289857972
-8.39917983597
-21.3468693739
11.7566513303
-0.517203440693
-14.9213842769
0.409581916378
-21.0146029206
-5.25575115023
-1.94418883777
-8.34026805361
-23.3659731946
5.20124024805
-26.0845169034
-6.40188037607
16.9567913583
-31.9398879776
-17.1120224045
12.0968193639
-25.1051210242
-19.1616323265
1.03880776155
-2.2374474895
-27.7300460092
-12.0064012802
8.28425685136
-0.140228045606
-31.624024805
-7.5876175235
10.3859771954
-16.5059011802
-19.1131226245
-17.5910182036
14.1783356671
-6.76315263053
2.60392078416
-45.6667333467
23.0056011202
-11.2715543109
4.68043608722
-35.8694738948
14.1600320064
-15.873874775
5.12142428486
-20.3777755551
-14.7062412483
33.2630526105
-26.7095419084
-3.35347069414
-9.61562312462
31.824064813
-17.1019203841
-12.9935987197
2.25715143028
-21.5135027005
24.7583516703
-0.194938987801
-29.775255051
7.96499299861
8.87107421485
3.23914782956
-36.6291258252
19.0228045609
17.9939987998
-9.22584516904
-10.4842968594
14.4786957392
-7.25405081017
5.92288457692
19.4367873575
-5.17773554711
-20.299459892
17.8593718744
11.9682936587
-17.2554510902
-5.51830366073
32.7881576315
-3.82476495299
-1.0
-16.8369673935
20.5924184837
-2.64052810561
-5.72084416884
19.0780156031
-12.5386077216
7.65763152631
6.76635327065
1.96039207841
-25.25025005
21.4428885777
10.6450290058
-14.3872774555
-18.1531306261
47.3544708942
-11.1952390478
9.51520304061
3.31816363272
8.52050410082
-5.93458691738
10.5550110022
9.20854170833
-13.1777355471
-9.32356471295
45.4880976195
-30.700340068
-11.5132026405
-0.290958191641
60.3467693539
-38.3285657132
-4.11802360472
6.86187237447
18.8959791958
-18.1140228046
9.87187437487
-1.35547109422
5.32146429285
-17.3381676335
-3.42458491698
21.775655131
-15.9327865573
-20.1038207642
22.549909982
-8.93928785757
-18.6969393879
8.9123824765
27.2813562713
-21.9283856771
-49.2151430286
39.49969994
-24.8345669134
-6.94318863773
-0.112122424483
2.54790958191
-47.7064412883
0.374374874976
31.7068413683
-38.199139828
18.4944988998
-24.4830966193
32.5639127826
-47.698939788
6.38447689539
-6.52400480096
26.5417083417
-22.5
-40.4326865373
23.0614122825
-8.42708541709
3.55151030207
-3.79115823166
-0.374174834967
-43.799359872
24.7281456291
-16.1427285457
22.1414282857
-6.08571714343
-24.5197039408
-22.5565113023
20.3099619924
7.83546709342
-23.2234446889
-20.8186637327
27.0765153031
-10.9318863773
-26.2842568514
-7.59161832366
20.4725945189
-11.0865173035
-50.6400280056
22.2882576515
-15.6309261852
8.2452490498
-56.0938187637
49.2537507501
-43.0980196039
-20.6933386677
16.5423084617
14.0480096019
-6.49589917983
-34.4152830566
1.43748749751
24.3951790358
5.02860572115
-38.1712342469
-2.3825765153
9.93798759752
5.56401280256
-40.700040008
29.2161432287
5.21274254851
-24.399979996
1.80786157231
-25.1822364473
38.0054010802
-48.9037807562
13.00070014
38.1801360272
-37.1129225845
-8.89797959591
17.0029005801
14.700140028
-26.7338467693
12.8603720744
-4.66103220644
15.3959791958
-22.4939987998
46.4101820364
-21.2131426285
19.5107021404
-24.299359872
38.8654730946
-29.2797559512
39.4196839368
-7.26645329066
19.8131626325
-12.6612322465
-1.00940188037
52.7583516703
-8.10302060412
1.39877975595
-7.14982996599
50.8314662933
-12.9169833967
-29.5327065413
10.3869773955
46.9364872975
-26.8156631326
9.18973794759
-17.2546509302
49.2031406281
-23.4065813163
16.5074014803
-2.35727145429
26.8226645329
-22.6710342068
67.9771954391
-34.8913782756
23.6640328066
-13.6086217243
69.2818563713
-8.89097819564
-15.9918983797
-0.926685337066
18.2607521504
16.8021604321
7.600020004
14.923984797
-30.924084817
18.1678335667
19.7160432086
25.5553110622
-87.925585117
76.5673134627
2.24544908981
-39.4299859972
-2.02850570114
4.35287057412
26.1379275855
-20.6380276055
14.5142028406
-6.85907181437
3.57761552311
19.2713542708
-12.1524304861
-1.83656731347
-15.2218443689
11.4604920984
-3.33346669333
41.0421084217
-105.549509902
3.70424084817
5.62212442488
-21.6735347069
-40.1532306461
-84.5610122024
83.1981396279
-31.2812562513
-76.9611922385
-5.13782756551
40.274454891
1.09731946388
-104.786257251
44.9102820564
2.22534506901
-4.74284856971
-2.4074814963
-25.2851570314
-23.2932586517
49.4678935787
-70.3030606121
-15.3172634527
21.6545309062
39.4714942989
-55.8383676735
-29.5737147429
25.5320064013
34.1578315663
-44.0876175235
-44.3162632526
16.8844768954
28.2823564713
-14.5364072815
-51.6088217644
3.04620924185
40.8766753351
-55.7324464893
15.5523104621
-30.8663732747
41.3687737547
-13.4653930786
-18.8783756751
-21.1388277656
-12.7559511902
11.5368073615
-21.0416083217
-23.4953990798
10.6597319464
20.0447089418
-44.6542308462
-12.950090018
15.549409882
-25.5867173435
28.674634927
-61.6435287057
33.473894779
-13.2222444489
5.48919783957
-5.06791358272
-71.4306861372
58.4192838568
-57.2398479696
28.5804160832
-16.549009802
-28.175235047
36.6543308662
20.1358271654
-55.2982596519
1.08971794359
1.00410082016
24.2566513303
-4.05551110222
30.7111422284
-92.7370474095
78.6830366073
10.6220244049
-17.8735747149
-27.0471094219
35.9138827766
-11.2180436087
28.1524304861
18.0361072214
-31.8435687137
15.5
24.7941588318
-3.22144428886
-6.86437287457
44.0161032206
-37.4898979796
64.8194638928
-15.7101420284
-18.074614923
12.8555711142
47.0972194439
2.83216643329
-9.2401480296
16.449489898
44.7099419884
-7.63812762552
-5.00900180036
-0.825065013003
71.1264252851
16.4319863973
-80.4912982596
78.2132426485
48.2403480696
23.7965593119
-35.5670134027
42.0544108822
59.5516103221
-11.1399279856
-28.9051810362
46.3830766153
54.7324464893
29.7200440088
-61.5783156631
38.7983596719
62.3342668534
-6.16873374675
-17.1176235247
-2.10232046409
46.4852970594
9.78125625125
-6.42728545709
9.0599119824
-13.1294258852
60.5801160232
15.6444288858
-62.6108221644
1.09591918384
83.0
8.43228645729
-68.5168033607
15.8820764153
44.9640928186
-6.88627725545
-3.66533306661
-41.5601120224
44.9591918384
6.19183836767
-17.5592118424
-46.7972594519
27.1521304261
1.52770554111
-36.4379875975
-40.8593718744
-0.384276855372
21.6194238848
-48.0627125425
-16.7174434887
-13.9593918784
7.14142828566
-60.325865173
16.50080016
-42.3069613923
-7.424984997
-7.27285457091
-17.9559911982
-38.3623724745
-25.3629725945
-5.28095619123
-27.2372474495
-47.6560312062
-34.5069013803
35.7788557712
-63.1288257652
-32.6904380876
-29.8873774755
-2.80766153231
-42.2061412282
-2.73954790958
-84.625025005
0.348869773952
-2.34596919384
-17.0393078616
-69.1364272855
23.5723144629
-30.1400280056
-48.9108821764
-3.475095019
-36.3333666733
13.1770354071
-41.2041408282
-19.3182636527
-25.8558711742
-1.23824764953
-7.37937587517
-65.7581516303
2.12952590518
-33.8058611722
34.1515303061
-40.399579916
-32.7917583517
-4.86107221444
40.2366473295
-73.5016003201
14.2124424885
-55.5329065813
51.99879976
-32.2203440688
8.87827565513
-28.4678935787
-9.22054410882
38.3644728946
-17.424184837
5.94168833767
-35.3675735147
17.0265053011
43.6031206241
0.264952990598
-68.8858771754
44.1955391078
6.90128025605
8.48409681936
-2.19443888778
1.46199239848
37.2610522104
64.0164032807
-48.2346469294
22.8367673535
-7.71894378874
53.2840568114
57.5525105021
-19.2810562113
-15.0991198239
69.7220444089
35.9526905381
3.40368073613
-7.99959991996
43.2839567913
63.1809361872
-24.6322264453
42.9681936387
45.6597319464
55.9620924185
3.06721344266
5.51220244051
33.6534306861
57.0
20.2967593519
86.5709141829
-38.8728745749
77.8259651931
66.726145229
42.8300660132
-22.6895379076
71.9799959992
58.8892778556
53.4177835567
-10.49959992
91.5565113023
35.6802360472
39.0281056211
7.14012802561
51.8215643129
45.9850970194
35.4099819964
5.11922384476
32.6283256651
77.1692338468
-6.65533106622
16.3374674935
25.9909981996
45.4487897579
15.5147029406
-12.5048009602
-15.0041008201
76.1057211442
19.2086417283
-41.6642328466
-2.60182036405
1.51950390078
38.5473094619
-49.8264652931
-6.32626525304
14.1707341468
10.6162232446
-34.0414082817
-57.199639928
27.2542508502
20.9298859772
-47.1572314463
-65.0650130026
-3.91058211642
20.1346269254
-33.8010602121
-54.1266253251
-0.370974194849
-32.7972594519
-17.5775155031
-27.8352670534
-19.0897179436
-16.3647729546
-75.6022204441
0.0691138227664
-39.399479896
-48.3330666133
-16.4780956191
-44.1604320864
-1.08561712344
-76.2870574115
-26.4728945789
-23.6174234847
-9.96239247849
-31.2620524105
-66.5138027606
-76.7123424685
48.773354671
-44.1577315463
-18.1338267654
-93.6070214043
13.299759952
6.92198439687
-82.9079815963
-69.1545309062
20.9560912183
-0.325165033013
-99.2329465893
-56.6676335267
-4.99319863973
30.0132026405
-70.5947189438
-75.8948789758
-13.4079815963
21.4771954391
-57.9055811162
-56.2420484097
18.7884576916
1.29285857169
-75.1884376875
-71.2580516103
48.6291258252
-17.0258051611
-12.4483896779
-52.2856571314
-5.9678935787
32.7627525505
-39.2271454291
-42.5965193038
17.974894979
-23.676435287
21.4333866773
-31.9148829766
9.13662732548
-1.48669733947
5.24694938988
1.90958191637
-15.5885177035
36.8916783357
19.7389477896
-4.96609321865
-26.7605521104
29.9968993799
75.0974194839
5.24564912981
-16.1798359672
-25.150730146
87.0144028806
52.6063212642
-12.9804960992
-9.80496099217
93.6647329466
26.9613922784
22.6117223445
-14.0369073815
85.1687337468
18.2053410682
75.5107021404
19.9804960992
30.7721544309
60.9423884777
54.2336467293
36.6356271254
76.575015003
36.175435087
72.4708941788
65.6212242448
52.5
52.8040608122
44.9162832567
90.4859971994
39.3832766553
55.2715543109
57.0782156431
49.949989998
76.8623724745
25.3301660332
73.1946389278
49.4893978796
27.7141428286
60.2208441688
62.6278255651
43.1838367674
32.9799959992
22.7201440288
75.2339467893
11.8610722144
27.9457891578
11.3098619724
36.8443688738
25.7545509102
21.0441088218
12.0653130626
23.1352270454
-11.1632326465
30.6545309062
-18.5624124825
29.2849569914
-4.65353070614
-8.29595919184
14.275355071
-3.04750950191
-20.8718743749
-15.1291258252
2.87197439489
-10.0025005001
-23.6867373475
-26.1346269254
-3.07611522304
-12.8787757552
-8.09791958392
-39.4220844169
-11.6437287458
-24.9967993599
-8.80286057211
-32.4262852571
-11.2732546509
-42.7690538108
-3.67713542707
-51.9056811362
-28.4796959392
-57.0891178236
10.6782356471
-8.52580516105
-74.5311062212
-46.2374474895
-3.28305661131
-8.70774154832
-79.573914783
-49.3932786557
1.83946789358
-25.7860572115
-88.6803360672
-52.6109221844
12.5392078416
-45.3713742749
-62.7984596919
-47.3222644529
-32.1856371274
-23.9206841368
-75.8073614723
-32.2883576715
-52.0860172034
-14.6927385477
-20.3146629326
-90.6399279856
-73.25065013
13.0677135427
-40.8416683337
-86.0104020804
-51.4429885977
3.05151030206
-10.7034406881
-121.696739348
-7.85117023405
-11.9559911982
-41.4368873775
-67.7413482697
-15.8427685537
-3.64062812563
-42.5081016203
-31.3838767754
-30.698839768
-0.116123224652
-26.3449689938
11.3530706141
-108.715043009
36.9847969594
-11.1542308462
18.900480096
-89.7779555911
25.9136827366
11.8927785557
-19.4596919384
-26.3655731146
24.9018803761
37.6311262252
-2.14452890579
-14.1536307261
-13.4389877976
33.8904780956
45.4462892579
-5.73144628925
-32.3527705541
80.4184836967
26.6145229046
11.9526905381
-24.1787357471
55.9912982596
53.825065013
9.79645929186
7.36017203441
65.1628325665
68.4644928986
35.9872974595
25.6688337668
34.1655331066
64.9664932987
92.8398679736
24.8868773755
64.3140628126
71.8049609922
56.8919783957
70.9672934587
61.8400680136
87.0447089418
67.4728945789
64.9048809762
66.3855771154
80.6633326665
104.298959792
42.5173034607
72.0551110222
58.1061212243
70.9085817163
64.1482296459
62.0792158432
80.3088617724
48.5093018604
47.9157831566
62.6233246649
66.7021404281
57.8133626725
36.7663532707
30.8901780356
58.7734546909
35.1071214243
55.4170834167
15.075215043
14.4478895779
44.1137227446
39.6037207441
-2.6523304661
4.99599919984
46.9609921985
19.8651730346
-4.30836167233
1.58181636327
5.45459091819
11.6973394679
0.702040408079
-9.68713742749
-23.3321664333
17.0335067013
7.80466093218
1.63172634526
-32.1813362672
-4.09031806362
-24.6557311462
4.86007201441
24.2388477696
-30.299359872
-49.1430286057
-3.00560112022
-0.619023804751
1.10532106421
-21.2141428286
-34.2787557512
-23.1179235847
-23.5705141028
-3.624624925
-41.1567313463
-0.359771954392
-7.38907781556
-25.3882776555
-55.2076415283
-38.1055211042
15.9585917184
-18.9633926786
-53.3022604521
-24.6048209642
-59.8148629726
0.0885177035379
-27.3678735747
-46.450390078
-43.9148829766
-36.3905781156
-46.8983796759
-12.8665733147
-18.2140428086
-53.8688737748
-72.0411082216
1.93118623723
-82.6312262453
-28.1816363273
-1.47799559912
-84.3910782157
-33.1121224245
-25.4780956191
-59.2219443889
-48.5368073615
-7.32616523305
-50.9854970994
-59.2354470894
-34.399379876
-45.9466893379
-37.0471094219
0.188837767553
-70.0447089418
-50.5398079616
-18.1671334267
-45.3105621124
-34.3706741348
-7.86127225445
-23.1706341268
-31.4108821764
-54.9544908982
-13.3338667733
-0.844068813783
-30.6727345469
-26.2473494699
-14.6963392679
-26.1191238248
-14.8798759752
22.4117823565
-7.60852170434
-27.2940588118
-21.0074014803
56.4775955191
-2.00880176036
-0.268853770744
9.87017403481
16.8059611922
0.809861972394
15.4048809762
53.0476095219
-50.6726345269
35.3228645729
49.450690138
24.9279855971
-16.624724945
47.3300660132
61.6298259652
11.6046209242
27.2567513503
24.4120824165
68.599719944
58.5284056811
21.375475095
60.3368673735
25.2583516703
49.4475895179
71.9898979796
59.8272654531
43.3868773755
71.8788757752
64.5080016003
71.8938787758
48.9781956391
99.7598519704
60.4354870974
48.4777955591
77.9981996399
60.5726145229
97.3448689738
78.2181436287
76.7643528706
56.5044008802
59.4168833767
73.0653130626
91.0862172434
65.1697339468
55.0936187237
62.4560912182
60.2113422685
65.450590118
35.8144628926
46.5910182036
46.9903980796
38.6640328066
20.5470094019
28.7685537107
34.2913582717
24.3874774955
23.9470894179
4.79135827165
-6.31146229246
13.8620724145
28.4888977795
8.78395679136
-26.5349069814
13.1943388678
11.1616323265
0.992998599721
-4.99029805961
2.39557911582
-6.12342468495
-0.508501700338
-11.8385677136
-9.77135427085
1.49839967994
-10.2684536907
-10.6430286057
-53.7221444289
-33.7269453891
-0.454890978192
12.9667933587
-32.1156231246
-39.9700940188
-2.25405081016
-12.7719543909
-27.8515703141
-22.775055011
-34.1702340468
-10.3714742949
-35.0143028606
-16.3316663333
-43.2197439488
-21.0
-3.44368873774
-29.6023204641
-54.8734746949
-21.4437887578
-25.675735147
-6.74054810964
-13.8354670934
-30.6309261853
-76.575215043
-12.1529305861
-30.3776755351
-18.2108421685
-76.9953990798
-45.9188837768
-19.8059611922
-40.873674735
-59.2900580116
-88.1628325665
11.0922184437
-42.800060012
-56.6598319664
-78.3161632327
-26.4111822364
-19.8521704341
-34.8064612923
-55.0522104421
-52.2198439688
-69.6138227645
-13.0146029206
-63.6325265053
-46.9827965593
-50.2918583717
-36.3913782757
-79.3894778956
-13.8895779156
-96.0974194839
10.7665533107
-97.8207641528
-11.3265653131
-32.9258851771
-25.8169633927
-52.7119423885
-7.51990398079
-30.149229846
-30.1539307862
-46.9392878576
-0.987097419486
-32.0826165233
11.6370274055
-9.10672134428
-26.6907381476
-23.6697339468
-1.0952190438
3.14392878574
-2.64402880576
-39.5332066413
40.3450690138
-22.3622724545
-10.3455691138
30.325265053
17.1083216643
-28.7957591518
1.46409281857
49.8135627126
-3.22534506902
38.3863772755
-3.32846569314
35.2067413483
-1.46649329866
42.574714943
24.1639327866
42.1283256651
11.8648729746
57.8142628526
50.449389878
37.8395679136
45.5546109222
59.2909581916
38.2733546709
61.6167233447
74.0479095819
72.9132826565
40.9220844169
72.6949389878
78.8800760152
63.3606721344
64.4685937187
75.123824765
76.699639928
68.9800960192
44.5693138628
93.9691938388
63.1691338268
82.1386277255
47.5
61.8119623925
51.1133226645
77.5
48.2150430086
58.9851970394
37.7070414083
46.4800960192
49.9633926785
30.9594918984
31.9919983997
31.5109021804
35.8697739548
28.3945789158
3.65303060612
24.5
11.7964592919
12.7214442889
13.9027805561
-2.48859771955
-10.3208641728
-5.64832966594
15.2788557712
6.47969593918
-26.6669333867
-21.3310662132
-1.50570114023
-25.548809762
-8.84736947389
-10.525705141
-22.1635327065
-23.4791958392
0.413682736547
-27.0983196639
-27.5641128226
-16.174434887
-26.4655931186
-26.2111422284
-23.7188437688
-13.8203640728
-31.3602720544
-29.6451290258
-36.124124825
-0.121324264853
-44.1387277456
-35.0229045809
-19.3045609122
-11.1776355271
-46.8934786957
-30.4462892578
-19.7549509902
-49.5948189638
-25.6233246649
-30.5828165633
-53.5138027606
-26.0705141028
-18.674134827
-55.5112022405
-41.948989798
-35.224444889
-53.1593318664
-46.7919583917
-37.4220844169
-46.9621924385
-46.6389277856
-46.8428685737
-76.2345469094
-34.8554710942
-46.8262652531
-68.5971194239
-35.6876375275
-68.3375675135
-60.450790158
-44.6867373475
-27.8923784757
-118.922084417
-16.776055211
-51.00070014
-53.1020204041
-77.7923584717
-52.9672934587
-66.900180036
-22.1823364673
-70.0094018804
-64.7016403281
-49.9697939588
-46.3803760752
-34.424384877
-31.7686537307
-74.725545109
-34.474394879
-31.9526905381
-38.5389077816
-25.7136427285
-15.075715143
-31.5012002401
-59.1332266453
-0.539407881573
-33.5642128426
-6.72614522904
-20.2329465893
-44.1838367674
0.450190038008
-41.7944588918
-4.72574514903
3.20454090818
5.94038807762
-71.4919983997
1.87277455491
-3.67933586718
-5.64012802561
17.6273254651
30.2819563913
-30.6062212443
-38.1456291258
50.574614923
21.1054210842
7.16363272655
15.3978795759
17.9826965393
4.0400080016
36.5065013003
35.9328865773
33.1265253051
26.024704941
37.00010002
33.4653930786
44.6914382877
39.5880176035
66.2850570114
59.5197039408
33.8929785957
34.9725945189
65.599019804
82.3762752551
84.0225045009
56.2772554511
70.9812962593
74.1045209042
78.7186437287
83.9647929586
65.7197439488
86.8118623725
81.7200440088
70.0880176035
73.8852770554
79.8036607321
52.9416883377
66.6369273855
57.5080016003
49.825665133
52.6707341468
59.7579515903
48.8587717543
36.0
40.2896579316
24.8828765753
9.99429885977
17.2127425485
41.4282856571
8.5349069814
-6.66613322664
6.93548709742
7.67843568713
-20.675335067
-10.6816363273
-4.69303860772
-19.5957191438
-32.550110022
-12.3219643929
-8.41138227646
-27.2106421284
-43.25085017
-36.0
-27.7306461292
-20.6781356271
-28.8591718344
-25.3425685137
-34.6088217644
-30.426185237
-19.4686937387
-34.8092618524
-45.6803360672
-27.2734546909
-18.4403880776
-34.9783956791
-23.3966793359
-31.799559912
-31.125925185
-25.9679935987
-33.9630926185
-54.3689737948
-23.9536907381
-15.849669934
-35.6667333467
-45.423884777
-30.7178435687
-43.7359471894
-55.9320864173
-35.9381876375
-34.0335067013
-60.1806361272
-55.800860172
-51.026005201
-43.9891978396
-71.9099819964
-64.4087817564
-52.9897979596
-64.6235247049
-68.0895179036
-52.0542108422
-61.474394879
-66.6027205441
-53.0329065813
-68.2568513703
-80.9179835967
-74.3331666333
-55.3280656131
-54.3564712943
-61.9435887177
-73.0
-58.6540308062
-54.8203640728
-69.5664132827
-62.5133026605
-62.9662932587
-50.50040008
-42.7616523305
-39.7911582316
-64.5949189838
-35.9413882777
-54.7292458492
-41.3517703541
-45.6103220644
-31.1299259852
-48.2918583717
-21.1406281256
-29.625725145
-59.1676335267
-44.0702140428
-12.1763352671
-23.5121024205
-32.650630126
-46.1789357872
-3.31876375275
-24.4605921184
-19.349169834
-1.65693138628
-27.6128225645
-36.9702940588
3.61322264453
2.83526705341
-14.0619123825
-29.3087617523
4.29405881176
10.524804961
-11.9599919984
11.7013402681
0.15433086616
-1.20724144828
25.9285857171
36.5367073415
-12.0321064213
1.12802560513
22.649729946
44.8683736747
25.2605521104
9.72374474895
24.2303460692
63.7426485297
19.6120224045
33.9467893579
39.8424684937
61.4365873175
48.4271854371
72.9117823565
52.75125025
53.7263452691
81.5295059012
64.5
72.7521504301
71.1629325865
94.4118823765
83.9085817163
88.6030206041
87.0528105621
89.9846969394
79.773954791
75.9230846169
89.325965193
75.5165033007
73.3316663333
67.2876575315
65.1827365473
54.4521904381
69.2546509302
53.175935187
35.9296859372
34.774354871
33.6263252651
34.3015603121
27.2443488698
27.2520504101
19.1591318264
4.00590118023
-5.60062012402
14.0200040008
0.567813562708
-23.0526105221
-9.61192238448
-7.31366273255
-17.2145429086
-16.9807961592
-12.3977795559
-21.6388277656
-27.8521704341
-28.8200640128
-20.7351470294
-16.8123624725
-20.324464893
-24.5466093219
-32.8983796759
-23.8273654731
-16.0431086217
-24.024804961
-28.0354070814
-26.4368873775
-19.0277055411
-18.9522904581
-23.3599719944
-17.5646129226
-25.073814763
-25.6908381676
-25.4861972394
-26.2537507502
-20.524804961
-16.5139027806
-28.8811762352
-39.2060412082
-33.1480296059
-31.9593918784
-38.526205241
-38.400280056
-38.3304660932
-44.5
-52.125525105
-43.2727545509
-41.049309862
-51.9367873575
-66.3859771954
-51.8651730346
-52.3705741148
-50.1814362873
-49.9344868974
-59.4958991798
-76.9391878376
-64.0076015203
-56.7634526905
-57.899979996
-69.9044808962
-62.6025205041
-66.5
-70.5
-55.3856771354
-53.1636327266
-67.1441288258
-68.5972194439
-52.7685537107
-45.2189437888
-59.4895979196
-63.8787757551
-42.6928385677
-41.8353670734
-58.6608321664
-69.3557711542
-46.699839968
-34.0890178036
-41.6813362673
-53.4065813163
-50.3802760552
-47.2208441688
-41.5233046609
-38.1318263653
-37.2517503501
-36.4074814963
-51.1523304661
-32.1413282656
-29.6532306461
-32.9571914383
-30.3214642929
-42.5968193639
-39.3123624725
-21.3629725945
-12.6793358672
-21.2167433487
-22.0439087818
-27.9039807962
-7.62772554511
-12.5215043009
-6.49279855971
-1.47619523905
-4.97099419884
-23.3556711342
-1.03410682136
10.924784957
6.54450890178
2.89397879576
-0.794658931788
-4.87627525505
15.0597119424
18.7485497099
18.6406281256
24.2062412483
22.6588317664
15.7134426885
18.199539908
29.4148829766
34.4131826365
38.9909981996
32.6734346869
35.3391678336
31.9971994399
41.1188237648
56.6062212442
55.5540108022
38.3463692739
42.0331066213
55.0705141028
61.3326665333
63.3650730146
66.1432286457
57.8549709942
60.1071214243
66.8047609522
63.5224044809
68.4408881776
68.9318863773
69.9587917584
66.1016203241
67.5964192839
69.1851370274
75.2338467694
70.8302660532
64.5139027806
59.3456691338
66.6466293259
64.6805361072
62.7624524905
57.7588517703
56.3050610122
47.8040608122
49.700840168
49.6109221844
45.0
35.5928185637
28.0
30.623824765
30.5542108422
29.8139627926
18.5
15.9066813363
7.58191638328
15.2578515703
13.4839967994
9.74954990998
1.02220444089
4.4848969794
8.44298859772
4.56101220244
-0.90448089618
3.5
0.13402680536
-4.78065613123
-6.96549309862
-5.65343068614
-4.41558311662
-4.59211842368
-7.20054010802
-15.1962392478
-11.6152230446
-11.8770754151
-15.4346869374
-19.0
-18.2190438088
-17.5
-21.2735547109
-26.6765353071
-23.4115823165
-20.5
-31.5388077616
-36.600120024
-38.2923584717
-31.9306861372
-35.8308661732
-44.9038807762
-45.6192238448
-41.6192238448
-42.4922984597
-48.8807761552
-49.9614922985
-49.0
-50.2153430686
-59.1229245849
-57.050210042
-50.0194038808
-49.3422684537
-58.7957591518
-56.8234646929
-55.7578515703
-49.8656731346
-50.5
-52.7766553311
-53.2387477495
-48.7541508302
-47.8847769554
-50.0188037608
-45.599819964
-43.2236447289
-45.7110422084
-53.6534306861
-50.7929585917
-37.9127825565
-27.4195839168
-34.8672734547
-52.0573114623
-43.0212042408
-33.9429885977
-33.5302060412
-37.0185037007
-38.00030006
-35.0160032006
-36.0
-34.5351070214
-28.2344468894
-26.5582116423
-28.9534906981
-28.0542108422
-28.5619123825
-25.674034807
-24.8659731946
-20.0
-16.4817963593
-14.949789958
-19.4121824365
-17.6737347469
-12.7470494099
-10.4343868774
-5.95839167834
-9.48679735947
-12.6543308662
-5.64812962592
2.66053210642
0.677435487097
-1.31486297259
0.710742148431
5.75135027005
5.37527505501
7.28405681136
4.72364472895
8.23134626925
10.1414282857
7.74674934987
9.86387277456
15.1892378476
20.9047809562
19.3887777556
16.7852570514
18.1035207041
21.0980196039
29.4041808362
20.9481896379
20.7643528706
23.6657331466
28.0804160832
33.2859571914
30.8545709142
27.8188637728
30.5650130026
32.5
37.401180236
42.5
37.7023404681
35.9787957592
40.3771754351
44.5
37.4657931586
40.2196439288
45.5
49.6812362473
48.8683736747
40.4700940188
42.0222044409
47.0290058012
53.0068013603
54.7486497299
47.0602120424
44.7581516303
44.4279855971
51.4048809762
53.6182236447
52.7735547109
49.0822164433
49.6562312463
47.6404280856
51.7110422084
48.0856171234
48.6866373275
45.5
47.2174434887
47.825365073
48.6914382877
44.725045009
48.0
46.5736147229
39.9647929586
36.7560512102
38.3406681336
37.3219643929
37.0286057211
33.8868773755
27.798859772
31.2911582316
25.9330866173
23.0
23.0979195839
20.4792958592
11.9946989398
14.2348469694
12.1441288258
9.77045409082
5.88907781556
2.42878575715
3.29355871174
1.30126025205
-0.0955191038211
-5.050010002
-5.41218243649
-3.33206641328
-5.25965193039
-7.13132626525
-9.28965793159
-10.3628725745
-10.6941388278
-15.2434486897
-14.2280456091
-14.1810362072
-15.549309862
-14.7954590918
-16.624824965
-18.1367273455
-14.5339067814
-17.5601120224
-17.2358471694
-19.5935187037
-19.9629925985
-21.8232646529
-19.5540108022
-23.5
-22.9968993799
-20.5015003001
-24.4723944789
-27.2415483097
-21.5861172234
-20.2338467694
-22.9399879976
-25.4522904581
-24.5277055411
-21.5
-19.6062212442
-20.6322264453
-21.5431086217
-20.2969593919
-18.3983796759
-23.8046609322
-23.9414882977
-22.0618123625
-20.0662132426
-19.2197439488
-22.5
-21.9832966593
-18.6632326465
-18.1645329066
-16.8572714543
-16.3726745349
-15.2089417884
-15.2982596519
-12.5236047209
-13.9342868574
-12.775155031
-12.0
-14.399379876
-12.8698739748
-13.1165233047
-13.6450290058
-12.6355271054
-9.66813362673
-9.85417083417
-13.7058411682
-14.9055811162
-10.1904380876
-9.63452690538
-4.7625525105
-6.5
-8.76055211042
-3.54420884177
-1.57211442288
-0.818263652731
-1.12882576515
-4.68943788758
-7.27315463093
-4.10572114423
-2.40198039608
1.09031806361
0.0413082616524
-5.29965993199
-6.93278655731
-3.60122024405
-0.344568913782
4.45589117824
6.40898179636
1.0
0.0210042008403
4.52660532107
3.5
4.24894978996
5.9950990198
8.74124824965
6.5126025205
7.16773354671
11.4796959392
19.4516903381
14.1960392078
7.78185637127
6.92858571714
14.9208841768
17.9131826365
20.1082216443
16.2555511102
15.4148829766
14.4411882376
17.4366873375
18.1330266053
16.6796359272
19.2031406281
20.1561312262
18.3276655331
21.4926985397
22.8207641528
18.8434686937
17.8892778556
21.0953190638
25.474894979
28.7177435487
29.6618323665
29.4662932587
26.8795759152
23.2514502901
22.5125025005
27.0
27.8641728346
27.7722544509
30.4305861172
29.7947589518
27.0
25.5
25.6589317864
27.7616523305
29.1666333267
27.9204840968
27.3026605321
28.1436287257
29.1820364073
29.1153230646
23.3794758952
22.0
26.0128025605
26.5487097419
30.0897179436
30.0820164033
29.1385277055
26.8667733547
26.7794558912
26.1024204841
24.4564912983
27.4820964193
28.0
29.5306061212
28.4872974595
27.0050010002
24.5054010802
22.5156031206
21.7409481896
21.9354870974
22.0
23.5
21.725545109
24.5283056611
22.1929385877
17.0360072014
15.6304260852
16.4125825165
20.1902380476
18.0
17.0
19.0591118224
16.3129625925
16.799559912
14.1413282657
11.649029806
5.82836567313
12.2533506701
12.8360672134
14.4604920984
12.0313062613
6.89047809562
5.25735147029
3.5
2.14082816563
5.9348869774
5.0
4.62072414483
5.74914982997
5.98629725945
4.41138227645
1.13612722544
-1.1100220044
-0.143828765753
-0.897679535907
0.0
0.594618923785
1.15923184637
2.73924784957
-4.33226645329
-4.23764752951
-9.97609521904
-9.57151430286
-4.72934586917
-3.5
-5.6900380076
-7.88777755551
-8.0
-9.19363872775
-9.29455891178
-8.0
-8.71314262853
-11.5
-11.7208441688
-11.949389878
-8.5
-8.60562112423
-11.2087417483
-12.5198039608
-13.2197439488
-13.4955991198
-10.7450490098
-11.0055011002
-13.0
-12.5264052811
-12.4658931786
-15.4790958192
-12.900980196
-15.0286057211
-14.5
-13.5
-11.7098419684
-9.2200440088
-9.79785957191
-13.7414482897
-12.8888777756
-12.0
-13.4397879576
-13.9328865773
-11.3209641928
-10.425185037
-9.84266853371
-10.6650330066
-13.6636327265
-12.5
-12.6559311862
-11.2937587517
-11.7035407081
-12.3943788758
-8.28105621124
-7.0
-9.13282656531
-13.3789757952
-15.0
-14.0
-9.76515303061
-6.86357271454
-9.34166833367
-7.78825765153
-7.60202040408
-5.30366073215
-3.87727545509
-2.2976595319
-3.5
-4.33276655331
-3.92108421684
-1.19973994799
-3.28635727145
-2.08681736347
-2.0
-3.19033806761
-2.0
-1.69803960792
-3.85567113423
-1.0
-0.37877575515
0.213442688537
3.5
5.33656731346
4.050010002
6.08461692339
6.46539307862
2.68273654731
6.99039807962
6.01150230046
6.00380076015
8.74414882977
9.5174034807
8.5
6.48649729946
9.33676735347
8.47879575915
9.82516503301
9.91328265653
9.71724344869
10.4633926785
13.3713742749
11.4556911382
13.8944788958
15.8439687938
14.1117223445
13.2611522304
13.8728745749
16.7977595519
18.7850570114
19.699539908
17.6841368274
16.4140828166
16.8466693339
17.9568913783
22.6556311262
20.0
20.5562112422
22.5
23.5
20.9544908982
21.5301060212
21.6213242649
22.374474895
21.5161032206
19.2657531506
20.3632726545
22.1717343469
19.5667133427
17.6948389678
16.3478695739
19.0
19.8401680336
18.5
17.0026005201
14.4213842769
14.299059812
18.3545709142
19.4146829366
16.1839367874
12.8093618724
11.5555111022
14.3016603321
14.5478095619
15.2060412082
12.2192438488
9.00380076015
11.4675935187
12.2785557111
12.8517703541
9.04170834167
8.44898979796
6.5
7.50930186037
10.2663532707
8.00320064013
8.50900180036
4.51830366073
2.5199039808
1.4723944789
2.0
2.02150430086
2.60142028406
1.97079415883
-1.0
-0.0738147629518
-3.5
-4.36617323465
-4.80616123225
-3.76155231046
-5.0
-6.0600120024
-6.05841168234
-4.70314062812
-8.64312862572
-9.12292458492
-9.15853170634
-9.08311662332
-7.01090218044
-7.04590918184
-9.0
-12.1059211842
-8.14762952591
-7.31866373275
-9.1399279856
-11.6582316463
-9.73554710942
-9.75675135027
-10.624524905
-11.8706741348
-12.8831766353
-14.5
-14.7182436487
-14.5
-12.9056811362
-13.4572914583
-17.4690938188
-15.8790758152
-14.274154831
-15.3356671334
-18.6867373475
-18.648929786
-20.6469293859
-17.3167633527
-19.0
-16.0728145629
-17.5
-17.0
-18.0950190038
-18.2380476095
-15.0398079616
-18.0719143829
-16.9357871574
-14.8347669534
-11.975595119
-14.7294458892
-10.4665933187
-12.0514102821
-11.5180036007
-15.0103020604
-12.4973994799
-12.7474494899
-12.9871974395
-11.5
-10.0705141028
-10.7320464093
-12.9345869174
-10.8973794759
-11.5885177035
-9.850070014
-7.0
-9.45529105821
-10.3652730546
-7.3049609922
-4.65783156631
-6.22584516903
-6.87937587518
-4.62832566513
-4.0
-3.53440688138
-3.72714542909
-0.670434086818
-1.0
0.511802360471
0.544408881777
-1.1899379876
-1.30236047209
1.14732946589
4.39347869574
4.27925585117
6.27155431086
7.36807361472
10.3903780756
9.5
9.62962592518
6.69913982797
8.63732746549
10.3911782356
10.5
10.9044808962
7.91638327665
7.0
8.51870374075
10.0
10.3318663733
9.65603120624
11.8516703341
12.2187437487
10.1329265853
9.62522504501
9.19123824765
10.0
9.09681936387
11.3583716743
11.2933586717
10.1185237047
11.0713142629
12.0636127225
12.4440888178
13.9517903581
15.0405081016
13.049209842
15.0
14.5348069614
15.2354470894
14.0010002
15.5
16.5
11.0
14.4567913583
14.0365073015
12.5221044209
11.6721344269
12.1192238448
12.5
13.8874774955
12.0
8.13562712542
9.59811962392
12.3412682537
9.88647729546
7.2424484897
9.75785157031
9.22674534907
8.82216443289
6.22804560912
4.51040208042
4.58371674335
7.02540508102
7.63432686537
5.46419283857
3.99559911982
1.55891178236
1.67953590718
4.58201640328
2.5
2.63162632527
4.0
5.25215043009
4.98029605921
1.0
1.5
2.45739147829
0.709341868374
0.600820164033
1.65303060612
0.0931186237249
-2.51780356071
-0.585417083417
-1.33686737347
-3.26685337067
-1.29545909182
-2.8599719944
-2.81616323265
-2.06231246249
-4.19153830766
-2.5
-4.69923984797
-5.78145629126
-3.91388277655
-5.65683136627
-10.0
-7.96849369874
-6.16703340668
-5.57141428286
-5.2300460092
-7.5
-6.47549509902
-6.03360672134
-8.50910182036
-11.9950990198
-8.0
-7.98599719944
-6.7825565113
-10.4264852971
-8.46289257852
-9.4775955191
-9.1575315063
-9.90968193639
-10.6358271654
-8.34876975395
-6.0
-7.95449089818
-8.99679935987
-9.73394678936
-9.5
-9.12182436487
-11.5
-7.56861372274
-9.0
-7.72894578916
-8.99049809962
-8.24794958992
-12.6485297059
-11.775155031
-8.5
-5.99709941988
-5.70654130826
-4.39287857572
-3.36097219444
-2.88517703541
-2.97469493899
-2.2549509902
-1.62912582516
-2.10932186437
-0.384076815363
-0.724144828966
0.608221644329
-1.0
0.301560312063
0.653330666133
1.22154430886
1.83896779356
2.08511702341
3.1625325065
5.65483096619
4.70574114823
5.77885577116
2.92068413683
6.25195039008
6.73264652931
5.10862172435
5.09861972394
8.81356271254
8.17103420684
7.57781556311
9.14022804561
11.5
9.33586717343
12.5
11.5786157231
12.0316063213
12.7380476095
12.9837967594
12.2542508502
12.49879976
11.2534506901
8.52190438088
11.0
12.4699939988
11.0377075415
10.9772954591
12.9468893779
15.0608121624
12.9314862973
15.3856771354
13.2919583917
12.0916183237
16.0017003401
14.2140428086
16.0
17.8163632727
17.0
16.6378275655
15.0317063413
13.7298459692
18.6695339068
17.5843168634
19.8236647329
18.276055211
14.1541308262
13.898879776
16.8535707141
15.6777355471
14.0
13.6151230246
12.975895179
14.2543508702
13.2466493299
13.5
14.7312462493
14.5529105821
12.7158431686
12.2918583717
10.299559912
8.30726145229
9.0925185037
8.82266453291
6.91518303661
6.0
7.73134626926
10.9697939588
7.29175835167
8.63112622525
6.74684936988
8.76855371074
6.10802160432
5.39967993599
5.90738147629
3.37737547509
6.0
8.0
6.84546909382
6.60822164433
5.43038607722
3.03870774155
3.48449689938
0.953390678136
2.50780156031
3.99209841968
1.0
1.9849969994
-2.43918783757
1.52290458092
1.0
-0.5
-0.0230046009201
-2.22314462893
-1.59211842368
-1.21544308862
-1.42318463693
0.70774154831
0.0
1.599919984
0.0538107621524
2.5
0.06151230246
-0.684636927385
1.5
2.17693538708
0.5
-1.0
-1.33076615323
0.661532306462
0.592318463692
0.153830766153
1.399979996
2.35387077415
1.0
0.415283056611
1.0
1.60782156431
2.13062612523
0.876975395079
1.36917383477
0.65403080616
0.5
2.0
1.14622924585
-0.600320064012
1.30786157231
-0.592218443689
0.515103020604
-0.161932386476
2.16133226645
2.84636927386
2.5
1.86177235447
2.31526305261
2.56141228246
0.692438487697
4.8925785157
5.69943988798
6.54600920184
7.29215843169
6.6149229846
9.78445689138
11.4387877576
7.94648929786
8.02290458092
7.80716143229
8.51520304061
9.47729545909
10.4774954991
10.5073014603
10.99959992
10.0
8.51580316063
11.5235047009
11.9687937588
11.0
11.4533906781
14.2771554311
11.5620124025
15.0697139428
12.9612922585
14.0
12.0464092819
13.201040208
11.8376675335
15.6159231846
15.5
16.0
15.2914582917
16.6467293459
18.7683536707
22.1621324265
20.4150830166
22.1612322464
18.7778555711
20.6929385877
22.4983996799
23.3541708342
20.324064813
21.4474894979
21.7685537107
21.7391478296
21.3828765753
22.4908981796
21.9178835767
24.7699539908
24.3611722344
26.0
25.2069413883
22.199239848
24.0
23.3676735347
23.9715943189
23.7473494699
22.6607321464
23.1530306061
24.9679935987
21.9311862372
22.1850370074
21.2444488898
22.4636927385
25.1068213643
22.5
23.5457091418
23.624424885
25.1140228046
24.0
25.4696939388
27.0
26.4095819164
26.3437687538
23.0298059612
24.4778955791
24.0144028806
23.7399479896
21.0005001
25.0174034807
24.975395079
23.1897379476
23.0477095419
21.4604920984
23.5
21.3872774555
18.9686937387
17.574214843
20.5390078016
17.8285657131
16.1401280256
18.699439888
16.6632326465
19.8082616523
18.875775155
16.0
17.1396279256
16.3526705341
17.9224844969
17.8372674535
17.7556511302
18.5
17.0929185837
16.5
15.701240248
17.7276455291
16.5416083217
15.724344869
12.9640928186
12.8698739748
10.5
10.6121224245
11.8942788558
15.3852770554
13.5
14.7859571914
12.1468293659
12.099319864
9.46359271854
10.4083816763
12.675535107
10.6678335667
11.8202640528
12.3475695139
11.5329065813
11.1370274055
13.0
13.1216243249
13.0791158232
13.7875575115
12.7955591118
11.5908181636
15.0
13.9622924585
14.7838567714
13.9399879976
13.6046209242
13.0
12.926185237
11.0292058412
15.5430086017
16.9930986197
14.2469493899
14.0
14.2546509302
15.5170034007
15.024704941
14.4675935187
12.649729946
13.5478095619
11.1110222044
12.9367873575
13.7854570914
12.5393078616
12.4136827365
13.0470094019
13.0974194839
11.1641328266
10.6171234247
14.8127625525
15.1837367473
16.7896579316
14.6479295859
12.5778155631
16.6633326665
15.4144828966
14.3212642529
15.2796559312
16.5
16.7981596319
15.7904580916
15.2172434487
17.0874174835
19.5347069414
21.0
20.375975195
21.3778755751
20.0
19.6144228846
18.0577115423
19.7865573115
19.4114822965
21.099019804
20.3096619324
22.8173634727
18.325065013
22.0
19.0
23.2722544509
21.8220644129
19.2953590718
16.8712742549
16.0
17.7266453291
18.1056211242
18.5052010402
16.5451090218
18.873774755
19.4625925185
18.2835567113
20.4108821764
20.3275655131
21.4559911982
19.2318463693
18.9856971394
19.0
17.4933986797
17.0055011002
16.0044008802
18.0
17.0176035207
15.949389878
17.9834966993
15.7703540708
21.8547709542
18.2219443889
20.0
19.0
18.6188237648
18.2934586917
16.9053810762
16.198839768
15.1100220044
19.8531706341
16.0627125425
18.0
14.4295859172
14.6485297059
14.0
16.4958991798
13.7574514903
10.3206641328
10.5935187037
12.0
11.101220244
10.7101420284
10.0
13.451090218
11.5335067013
9.25905181036
11.375675135
13.3908781756
12.7359471894
12.7717543509
10.7205441088
11.3192638528
11.2371474295
10.1974394879
10.3102620524
8.18203640728
10.0
7.41668333667
6.0
6.07561512303
8.96529305861
9.86417283457
11.0703140628
8.0
9.0
5.9474894979
4.40268053611
3.17923584717
4.41808361672
4.0
5.0
3.08821764353
4.44888977796
4.97829565913
4.53570714143
5.97199439888
4.73984796959
5.48109621924
4.2524504901
5.99719943989
0.76575315063
3.98179635927
4.21114222845
3.06721344269
3.0
3.42648529706
4.0
5.90338067614
5.14422884577
2.5399079816
4.46879375875
2.85717143429
2.60292058412
0.110622124424
1.38167633527
2.5
4.18313662733
1.28285657131
2.32456491298
3.0
1.66453290658
0.655531106222
2.3399679936
1.09381876375
-0.695339067814
-0.796959391879
-0.289257851571
-0.109221844368
-0.726145229046
-1.23384676935
-2.51690338068
-2.24924984997
-1.0
-4.10302060412
-2.0
-2.2800560112
-1.18163632727
-1.70454090818
-0.795259051812
-1.34456891378
-1.40928185637
-1.67373474695
-2.50190038007
0.341668333665
0.150630126025
0.0
-1.4323864773
1.3724744949
0.739647929586
2.0
1.10442088418
0.20984196839
0.910982196439
1.58131626325
-0.0736147229454
-0.434086817362
-1.5
-0.449489897979
-0.521404280857
-1.0
-1.48629725945
1.0
-1.98799759952
-1.0
0.498299659932
-0.511102220444
1.49059811962
0.473494698941
2.0
1.54190838168
0.950390078016
-0.442688537709
0.402480496099
-1.28635727145
0.0804160832158
1.0
0.904180836167
2.0
2.11122224445
4.23784756951
3.6201240248
5.0
5.85797159432
5.29945989198
7.68513702741
5.0
5.17283456691
2.65973194639
4.62352470494
5.69593918784
5.0
7.4226845369
6.56191238248
8.63662732547
6.23444688938
9.61322264453
7.0
8.2424484897
9.0
9.68113622725
9.56131226245
10.7883576715
12.0
14.3924784957
13.0
12.4095819164
10.6537307461
11.8345669134
14.9731946389
13.075015003
14.8211642328
13.4038807762
15.7461492298
16.0
16.3057611522
16.7923584717
15.9902980596
18.4557911582
17.1289257852
15.5730146029
20.1306261252
18.8847769554
17.0
18.5211042208
19.8017603521
19.9597919584
19.0382076415
18.9885977195
16.2481496299
19.9959991998
18.5117023405
19.9611922385
19.9457891578
22.0348069614
21.4574914983
23.050210042
21.1631326265
22.0
25.1466293259
23.9189837968
22.8225645129
25.0964192839
24.9061812362
26.0
27.1414282857
25.1272254451
25.0
26.8573714743
26.150330066
26.9209841968
27.6657331466
25.1734346869
23.9565913183
26.0944188838
25.4551910382
30.1021204241
28.2880576115
27.8901780356
31.0
29.2350470094
29.2282456491
28.2486497299
29.7581516303
27.3987797559
27.8396679336
27.5625125025
30.0
30.4066813363
30.0
29.8439687938
33.0
30.6549309862
31.9175835167
31.5
29.149429886
29.1791358272
29.1340268054
32.0
30.3558711742
32.3890778156
32.1032206441
32.4044808962
34.0
32.7900580116
34.9275855171
33.0
34.0
35.450690138
32.875175035
30.0678135627
30.0
30.5185037007
30.9783956791
30.5031006201
34.9953990798
32.4630926185
30.0800160032
34.4168833767
31.1416283257
33.5431086217
31.525405081
31.8829765953
29.1324264853
30.1478295659
25.1632326465
25.8213642729
26.4514902981
26.6047209442
25.9437887578
27.6201240248
27.5639127826
24.7289457892
25.2148429686
23.650930186
22.1586317263
21.9989998
20.6519303861
16.6817363473
18.9052810562
17.3028605721
14.6145229046
18.1437287457
15.2202440488
14.2720544109
11.324764953
10.1416283257
13.25105021
10.8968793759
9.46709341868
7.88707741548
6.64092818564
5.0
4.29725945189
4.0975195039
2.84366873375
1.73054610922
1.0
0.33576715343
-1.0
-2.14882976595
-6.28225645129
-4.43328665733
-3.37427485497
-6.76395279056
-6.83096619324
-9.55131026205
-11.1898379676
-12.0872174435
-14.5795159032
-14.9281856371
-14.0
-13.0564112823
-15.5487097419
-13.0410082016
-15.0
-16.9615923185
-16.2768553711
-21.474494899
-21.5075015003
-19.5078015603
-20.4870974195
-22.0206041208
-24.6792358472
-25.0
-25.6844368874
-27.0514102821
-30.2795559112
-30.899779956
-29.0
-30.0
-31.4100820164
-31.9023804761
-33.0
-32.226045209
-34.3792758552
-32.1284256851
-32.9096819364
-34.1438287658
-34.9545909182
-32.8407681536
-35.1665333067
-35.825365073
-34.0470094019
-35.2398479696
-37.3022604521
-40.2054410882
-40.5737147429
-43.0
-42.3642728546
-41.0
-41.5121024205
-46.0
-42.6016203241
-42.801160232
-44.675735147
-44.9236847369
-43.0
-42.0
-41.1944388878
-45.6867373475
-44.1790358072
-46.8356671334
-44.2545509102
-45.0
-46.1482296459
-47.2810562112
-48.8671734347
-46.5623124625
-47.0
-47.3902780556
-46.0
-45.0
-43.1732346469
-46.1316263253
-45.3931786357
-44.6270254051
-46.9441888378
-47.0962192438
-46.0808161632
-49.0
-48.0
-47.9653930786
-43.0096019204
-44.2528505701
-45.5087017403
-44.0
-45.0212042408
-43.9421884377
-44.0
-44.6329265853
-44.8959791958
-42.1194238848
-42.9325865173
-45.2124424885
-44.0828165633
-43.523704741
-40.8437687537
-42.6970394079
-42.1136227245
-41.325365073
-45.0645129026
-46.3183636727
-44.0722144429
-44.0
-41.2397479496
-41.8337667534
-39.2628525705
-38.6585317063
-40.9046809362
-39.3016603321
-34.6181236247
-36.1431286257
-34.2214442889
-38.6354270854
-35.4736947389
-36.2554510902
-34.0
-37.0
-37.2676535307
-33.224644929
-36.7169433887
-33.0
-33.0
-32.0
-33.0
-27.0
-31.3414682937
-29.1630326065
-30.0
-31.1309261852
-28.0
-29.1322264453
-27.75095019
-26.0
-24.3908781756
-26.0
-26.0
-20.9139827966
-24.1566313263
-22.2118423685
-22.4370874175
-21.0552110422
-24.226245249
-21.9601920384
-19.0
-20.024404881
-22.0
-20.5225045009
-21.9973994799
-21.0
-22.0282056411
-21.9563912783
-18.9409881976
-19.074414883
-19.1826365273
-20.0526105221
-21.0
-19.9659931986
-14.7878575715
-19.74974995
-18.7044408882
-19.0
-18.3934786957
-15.3426685337
-18.3780756151
-18.0648129626
-18.8186637327
-18.8549709942
-19.0
-18.2406481296
-19.3318663733
-20.175835167
-18.6582316463
-21.6175235047
-22.301060212
-22.8099619924
-22.2856571314
-23.8889777956
-21.4594918984
-22.525105021
-20.0
-20.7471494299
-21.6408281656
-21.0
-25.0
-22.7163432687
-23.1043208642
-24.299059812
-25.2898579716
-28.0
-26.0889177836
-26.3298659732
-27.8375675135
-23.6726345269
-26.0
-25.3606721344
-24.8683736747
-24.623924785
-25.4418883777
-24.6085217043
-27.449589918
-26.0
-25.1708341668
-28.4222844569
-27.0350070014
-28.7811562312
-28.0819163833
-31.5469093819
-30.5980196039
-33.7027405481
-31.4880976195
-31.774154831
-34.5126025205
-30.9985997199
-32.0070014003
-32.7132426485
-33.0
-34.6446289258
-35.075615123
-35.8182636527
-37.4201840368
-37.7195439088
-34.1372274455
-34.8473694739
-34.0840168034
-36.1834366873
-35.0
-38.6071214243
-35.8851770354
-34.1324264853
-37.1302260452
-35.275855171
-36.7087417484
-36.6533306661
-35.4194838968
-39.3374674935
-36.9117823565
-35.6841368274
-34.9040808162
-36.699539908
-37.3963792759
-41.1425285057
-39.2226445289
-40.3651730346
-41.523904781
-38.8728745749
-36.3870774155
-37.0
-37.7311462292
-40.2234446889
-37.4263852771
-38.4160832166
-38.449489898
-38.8073614723
-36.1301260252
-37.0
-35.6695339068
-33.1618323665
-36.5
-34.2928585717
-36.0419083817
-35.1310262052
-33.5650130026
-33.9421884377
-32.0
-33.150330066
-32.5187037407
-32.5424084817
-35.5771154231
-32.9652930586
-34.0
-34.0540108022
-36.6389277856
-34.0
-34.4690938188
-32.9535907181
-33.5155031006
-33.0
-34.50010002
-32.0152030406
-34.7423484697
-34.0230046009
-31.5307061412
-33.9615923185
-33.0922184437
-32.4192838568
-31.6577315463
-30.1384276855
-34.7884576915
-30.1692338468
-32.8884776955
-31.849969994
-33.5
-30.5577115423
-34.3768753751
-30.8270654131
-30.6385277055
-31.8537707542
-29.1730346069
-27.3232646529
-30.3306661332
-33.0
-31.6305261052
-30.9810962192
-32.0
-32.0
-32.1422284457
-32.0
-33.2690538108
-32.2386477295
-28.5
-28.5081016203
-29.4764952991
-30.8652730546
-30.2228445689
-30.2848569714
-32.0
-31.950390078
-31.5960192038
-31.6843368674
-28.0
-28.3310662132
-31.4193838768
-28.1732346469
-27.9270854171
-27.0
-24.5652130426
-27.6227245449
-27.7699539908
-27.8219643929
-29.900380076
-29.5919183837
-27.0
-28.0
-25.9311862372
-27.0
-26.0
-23.4542908582
-23.9809961992
-24.5303060612
-22.0
-22.9701940388
-20.0
-24.2482496499
-25.5123024605
-22.0
-22.0
-24.9373874775
-22.1365273055
-23.2266453291
-21.5544108822
-19.5621124225
-19.9301860372
-20.2112422484
-23.3721744349
-23.1858371674
-22.5
-21.1958391678
-22.9419883977
-24.0644128826
-25.8685737147
-23.6391278256
-26.2797559512
-26.6545309062
-23.7433486697
-24.6699339868
-23.8223644729
-21.8426685337
-21.0965193039
-22.5
-22.0
-20.4322864573
-20.276155231
-21.8657731546
-20.8803760752
-18.5
-18.1273254651
-18.5
-19.0
-20.4444888978
-20.5709141828
-20.4136827365
-21.300860172
-23.5957191438
-21.6581316263
-23.823964793
-22.6633326665
-20.4818963793
-23.1735347069
-20.1452290458
-22.5
-20.8701740348
-21.6221244249
-21.0
-23.0
-20.0
-21.5913182637
-22.4163832767
-21.8638727746
-21.0
-22.5605121024
-23.9735947189
-22.7274454891
-21.0
-20.2351470294
-22.0550110022
-20.9713942789
-21.4966993399
-22.25055011
-20.9911982396
-20.4834966993
-18.0484096819
-21.0
-22.9405881176
-20.0
-21.9449889978
-20.0
-22.9295859172
-20.6328265653
-21.0
-22.5935187037
-21.101220244
-20.6089217844
-20.9416883377
-24.1878375675
-21.2640528106
-21.5808161632
-20.4422884577
-21.3102620524
-20.674334867
-23.6705341068
-23.6435287057
-22.0
-23.8063612723
-24.7533506701
-24.5819163833
-26.7167433487
-26.551110222
-25.1964392879
-24.0
-24.5049009802
-22.7657531506
-21.0
-21.7293458692
-21.3324664933
-22.4290858172
-21.3968793759
-20.0
-21.5954190838
-22.6831366273
-21.0
-21.5
-22.1600320064
-21.826165233
-23.8553710742
-21.5446089218
-22.0
-22.3107621524
-21.1138227646
-20.8938787758
-21.450790158
-22.5907181436
-24.375475095
-21.7123424685
-18.0676135227
-17.7799559912
-21.0
-20.9109821964
-20.0
-19.2354470894
-19.9892978596
-19.5411082216
-19.4939987998
-19.75085017
-19.5
-19.4828965793
-20.0
-18.9674934987
-18.0
-17.5479095819
-17.0
-17.1266253251
-15.9289857972
-17.0
-18.8703740748
-15.4058811762
-13.2036407281
-15.6095219044
-18.4413882777
-17.0
-12.2652530506
-12.7193438688
-14.1480296059
-15.6557311462
-14.1634326865
-11.9865973195
-14.0894178836
-15.0298059612
-13.8057611522
-13.2980596119
-14.3951790358
-16.7173434687
-15.8874774955
-15.3318663733
-15.0
-12.3777755551
-14.7441488298
-15.6182236447
-13.9068813763
-14.5579115823
-11.6433286657
-13.2943588718
-13.2448489698
-13.2853570714
-15.5
-16.300660132
-14.6685337067
-11.6014202841
-14.3034606921
-12.0720144029
-12.3181636327
-14.6784356871
-12.0523104621
-10.8301660332
-14.2110422084
-12.8043608722
-12.1802360472
-13.0824164833
-12.425285057
-12.9664932987
-11.0
-14.8451690338
-14.5439087818
-11.0
-12.5855171034
-12.0208041608
-11.4868973795
-11.9945989198
-10.5023004601
-12.9799959992
-11.4822964593
-9.53810762152
-12.0
-11.9591918384
-11.5485097019
-13.4718943789
-10.5639127826
-11.8567713543
-10.1586317263
-9.95649129826
-7.70264052811
-9.0
-5.8050610122
-7.0
-8.0
-8.0
-7.71814362873
-8.14862972595
-7.31266253251
-6.83596719344
-9.0
-6.17943588718
-6.53070614123
-6.20774154831
-5.2974594919
-5.21024204841
-4.0
-6.38717743549
-4.36667333467
-3.87947589518
-5.12562512503
-6.0
-5.70754150831
-4.81556311262
-3.55911182236
-3.06911382277
-2.7949589918
-1.39467893579
-2.81036207241
-3.68193638728
-2.0
-2.66693338668
-1.15883176635
-0.523304660931
0.0717143428692
0.364272854571
-1.12802560512
-0.759351870372
1.0
-1.6049209842
-2.95139027806
0.0
1.83636727345
1.14822964593
1.06641328266
-1.0
0.897979595917
-1.45669133827
1.0
3.0
2.47979595919
-0.4874974995
1.00960192038
2.25435087017
2.98939787958
2.75915183037
2.5
2.73314662933
0.541408281655
1.72544508902
2.52840568114
2.56451290258
0.5
2.3698739748
0.868573714743
-0.107021404282
0.89697939588
3.52680536107
2.8223644729
3.74774954991
1.83456691338
3.17923584717
1.5
4.48539707941
4.41768353671
4.49149829966
4.7700540108
4.31226245249
5.0
3.0
4.60542108422
3.56291258252
2.9524904981
4.86697339468
3.87917583517
4.0
3.25705141028
1.91188237647
2.09131826365
1.21984396879
3.0
3.38667733546
0.0
0.0
0.840668133627
-1.0
0.665933186638
3.0
2.82526505301
3.71434286857
4.45269053811
1.1274254851
4.61972394479
1.88797759552
2.20864172835
3.95169033807
2.58891778356
4.37817563512
4.86027205441
2.93418683737
1.27905581116
1.89917983596
1.31406281256
1.0525105021
2.47269453891
2.0
0.232146429285
-1.00420084017
-0.00700140027766
0.511202240446
1.74054810962
0.0399079815952
2.23284656931
0.521004200839
1.0
0.528705741148
0.0
0.536407281455
-0.370774154831
0.0
-0.404080816164
-1.0
1.38867773555
0.11902380476
-1.0
0.865573114625
-0.678935787158
0.0
-0.82876575315
-1.83476695339
0.327065413083
-0.909681936388
-1.31166233247
1.80396079216
1.85187037407
0.0
-2.35957191438
-2.0
-1.53090618124
0.515503100622
-0.249949989997
-0.742348469696
-0.382676535307
-0.726945389079
0.0
0.0
0.796159231846
0.696139227846
0.376875375077
-1.36147229446
-0.173034606922
1.49799959992
-0.157631526306
-2.350070014
0.857771554311
-0.317263452691
0.126825365074
1.0
2.77715543109
-0.60372074415
-1.80796159232
0.588317663534
0.0806161232249
2.21354270854
0.0326065213048
-1.0575115023
1.95019003801
-1.27105421084
-0.0344068813774
-0.709941988395
-1.0
0.0
0.0
-0.495899179838
-3.98819763953
-3.03900780156
-2.0
-2.93018603721
-3.0
-3.65093018604
-1.47099419884
-0.565713142627
-2.85317063413
-4.5
-1.08881776355
-3.29825965193
-0.104220844169
-1.0
-1.05981196239
-1.74534906982
-3.4324864973
-3.64272854571
-4.57521504301
-3.68373674735
-2.24874974995
-0.66323264653
-2.90938187638
-1.34446889378
-2.0
-0.591318263654
-3.0
-1.5
-1.5
0.97029405881
-1.48569713943
0.5
-0.5
0.5
-0.226345269055
0.109321864374
1.5
4.29675935187
-0.891078215645
0.0939187837575
1.18013602721
1.3275655131
2.0
0.157031406283
0.0260052010399
-0.929185837167
-0.866073214642
0.810662132424
-1.61852370474
-2.16623324665
-3.60312062413
-3.95229045809
-3.82456491298
-2.5400080016
-2.0
-2.06461292259
-1.72154430886
-2.0
0.312262452492
-1.5
-3.0
-0.472394478895
-1.52140428086
-1.00600120024
-2.50470094019
0.0
0.479895979197
0.0
0.0
1.02160432086
0.550910182035
0.941388277657
1.43368673735
0.03700740148
-2.0
-0.910582116425
-3.59711942388
1.79035807162
2.0
1.0601120224
-0.255851170234
0.135627125424
-2.0
1.69793958792
2.65873174635
1.33286657331
1.66293258652
1.72724544909
1.68953790758
-0.204140828167
-0.704940988197
-1.46839367874
-0.279655931186
1.31586317264
-0.367873574714
-0.756551310264
-0.248849769954
0.0
0.383276655331
1.72574514903
3.39097819564
0.644828965793
1.60132026405
1.0
1.81276255251
-0.679535907182
0.656331266251
0.160332066417
1.42178435687
-0.675635127025
1.0
1.36667333467
-0.874374874975
4.61792358472
3.5
2.80126025205
0.547409481896
1.70644128826
2.42058411682
2.5
-1.03200640128
0.112622524506
0.0486097219455
1.91818363672
1.45019003801
-0.448989797958
1.47329465893
1.2550510102
1.00360072014
2.50530106021
4.0
5.43788757752
5.51420284057
1.46389277856
3.0876175235
4.12122424485
4.58881776355
2.58271654331
4.0
2.79115823165
4.0
3.5
2.05271054211
2.22624524905
3.75835167033
-1.0
1.86377275455
0.780356071222
3.37907581516
3.0
3.16703340668
3.82526505301
3.8175635127
4.3098619724
3.90108021604
7.11662332466
5.78675735147
4.30236047209
3.65703140628
3.18643728746
4.86607321464
5.75175035007
5.25945189038
2.23284656932
6.45029005801
4.7825565113
6.12922584517
7.99489897979
6.0
5.68663732747
7.0
8.82876575315
3.50470094019
7.84416883377
6.64812962593
6.07021404281
5.86727345469
4.5625125025
7.61732346469
2.60962192439
4.0
2.59421884377
2.12022404481
3.38177635527
2.64222844569
3.96829365873
3.77785557111
3.5
2.45969193839
2.9673934787
3.024904981
2.50860172034
2.25475095019
2.49819963993
2.99409881976
2.5
4.52130426085
2.5
3.15823164633
4.54440888177
6.5
7.9700940188
8.0675135027
6.07521504301
6.91708341668
7.45469093819
8.0
10.4469893979
5.19313862773
5.68213642728
5.5
5.43158631726
2.0
4.0
6.0
1.33526705341
-0.48699739948
2.5424084817
0.0
3.2023404681
2.94078815763
3.10692138428
4.44308861772
2.22924584917
2.73694738948
5.88837767554
0.0
3.1099219844
4.69673934787
7.27545509102
5.78315663133
7.41828365673
7.0
5.34686937388
5.81396279256
4.0
5.75595119024
7.33706741348
7.76715343068
3.32376475295
5.86017203441
5.81606321264
5.0
6.61672334467
6.94548909782
4.39867973595
6.90638127625
5.20704140828
5.03910782156
5.57051410282
7.0
7.0
7.0
8.76985397079
6.0
8.04860972195
8.01660332066
7.23664732947
6.99879975995
6.74674934987
6.98579715943
6.26095219044
6.02960592118
3.30596119224
3.9099819964
2.44728945789
4.0
4.71594318864
4.15163032607
3.62472494499
5.90878175635
5.20054010802
6.89337867574
7.30716143229
7.87797559512
5.31486297259
6.0
2.3548709742
6.0
6.0
4.0
4.5
7.0
2.0
6.20144028806
5.4398879776
4.92888577715
3.55571114223
4.22984596919
4.36877375475
5.75475095019
3.0
5.23934786957
4.11582316463
6.36197239448
6.89187837567
4.85427085417
6.89957991598
5.96029205841
5.18543708742
4.66113222645
2.1700340068
2.5
1.92268453691
2.35307061412
3.5
1.0
3.31426285257
2.42418483697
1.55421084217
1.09891978396
4.81396279256
-0.585317063413
3.0
1.2150430086
1.87557511502
-0.44548909782
1.95319063813
0.0
2.51570314063
3.23814762953
1.99199839968
-0.745849169833
-0.499699939987
0.253550710142
1.96299259852
1.5675135027
4.42448489698
2.92418483697
3.02280456091
2.44668933787
1.12202440488
1.85307061412
0.923584716944
-0.584116823364
0.954090818164
3.40048009602
0.268053610721
1.53730746149
3.63212642529
0.609021804361
2.20704140828
0.0
1.0
1.66113222645
-0.0844168833764
1.01480296059
-0.907881576316
-0.154030806161
-0.199639927985
-1.06101220244
0.8225645129
-0.44548909782
-0.154330866174
1.34536907381
0.385377075419
0.0
-2.60812162433
-1.76895379076
-0.723344668935
-0.784356871374
0.0
-2.0
-1.3074614923
-1.68483696739
-1.66143228646
-0.0847169433891
-2.0
-0.268953790758
-3.23164632927
-5.29205841168
-3.63092618524
-4.50710142028
-2.61552310462
-2.05391078216
-1.699939988
-2.0924184837
-0.622924584916
-2.0
-2.0
-1.93838767754
-2.55391078216
-1.0
-2.07701540308
1.01540308062
1.73844768954
-0.984596919383
0.507701540309
-2.0
