2.0
5.0
3.03120624125
0.0702140428086
3.90638127626
4.42198439688
0.140428085617
1.21844368874
5.0
4.21064212843
2.46809361872
1.42908581716
3.37447489498
3.70284056811
2.67233446689
1.9148829766
4.12482496499
3.60212042408
3.5
3.29645929186
2.62412482496
4.66383276655
6.65673134627
7.28225645129
5.81276255251
3.6099219844
1.0
-0.789357871574
0.563112622525
1.0
2.0
6.9673934787
5.74964992999
2.4850970194
0.46949389878
2.09221844369
4.43828765753
2.57731546309
4.20354070814
4.39147829566
5.0
4.23904780956
3.34466893379
3.32906581316
-1.0
0.297859571914
0.576615323065
3.53330666133
2.87447489498
3.0
0.219843968794
3.10212042408
2.0
2.32696539308
4.52770554111
7.50360072014
6.7475495099
5.72344468894
3.9049809962
0.5
2.03190638128
2.04820964193
2.88587717544
3.01700340068
1.99719943989
5.0
3.5
5.02270454091
3.46949389878
3.84676935387
2.81556311262
4.10782156431
5.74684936987
1.93048609722
1.0
4.75535107021
4.0
3.20144028806
3.0
1.0
1.24824964993
5.0
1.83836767353
3.6475295059
1.22334466893
1.0
3.32906581316
1.7149429886
2.31346269254
5.38867773555
3.40428085617
2.9198839768
1.12902580516
2.12772554511
3.53330666133
3.44688937788
3.99579915983
5.51350270054
3.26455291058
3.0
3.31906381276
4.28795759152
4.11272254451
2.80356071214
4.49089817964
3.36167233447
5.19213842769
3.66953390678
6.62972594519
6.70074014803
4.64182836567
3.36597319464
3.2524504901
6.40788157632
5.16813362673
2.41128225645
3.1900380076
7.0
6.10292058412
4.85677135427
7.74474894979
5.77595519104
5.14462892579
4.83836767353
4.86957391478
6.04960992198
6.48299659932
6.0
6.99159831966
5.01920384077
2.0
3.04400880176
0.798059611922
5.42478495699
3.04540908182
1.31926385277
3.62202440488
2.34406881376
3.22984596919
4.58441688338
6.63112622525
5.300060012
6.21564312863
6.76875375075
6.62342468494
4.7375475095
5.08291658332
3.20634126825
5.53610722144
8.67513502701
6.65953190638
4.5
2.25665133027
3.22544508902
3.09711942388
5.0
5.0
5.77515503101
5.93058611722
5.24044808962
6.99299859972
5.76815363073
7.0
5.6299259852
6.33836767353
7.14902980596
6.18023604721
6.21144228846
5.87867573515
5.31846369274
3.3474694939
5.6725345069
4.84186837367
2.30066013203
4.4275855171
3.26945389078
5.74614922985
6.88087617524
4.66603320664
4.18943788758
3.69143828766
4.91208241648
3.5
5.0
5.5
5.21644328866
6.09781956391
4.95889177836
5.80016003201
7.05101020204
3.05311062212
4.0
3.00210042008
2.00570114023
4.97299459892
2.87217443489
2.55821164233
2.14762952591
5.08941788358
4.1575315063
7.80156031206
7.13622724545
6.30366073215
6.83486697339
5.81696339268
5.19863972795
2.60712142428
2.22984596919
3.49089817964
4.63052610522
5.72334466893
3.70774154831
5.53930786157
7.32346469294
3.0
6.32266453291
6.42568513703
7.57881576315
5.80296059212
3.41708341668
8.13462692539
7.5
8.69583916783
7.76025205041
7.00980196039
6.51070214043
6.9473894779
8.14522904581
6.4424884977
5.28065613123
5.41128225645
8.18703740748
8.3800760152
4.63552710542
6.34886977395
6.83336667333
6.65883176635
4.45309061812
4.92968593719
5.27085417083
5.51050210042
9.14052810562
6.77595519104
8.89577915583
5.42148429686
8.73414682937
9.0151030206
6.0
5.67393478696
9.25365073015
7.80156031206
6.37457491498
7.93198639728
8.47379475895
6.0
6.97879575915
6.0
8.9699939988
7.02560512102
6.95879175835
10.0568113623
8.9275855171
7.91198239648
5.89637927586
7.05961192238
9.4325865173
6.69913982797
6.16603320664
5.0
7.0
6.42568513703
8.72844568914
7.51190238048
7.0
6.55051010202
7.70914182837
8.30646129226
5.67793558712
9.33766753351
9.0
9.26225245049
8.0
5.599919984
6.83136627325
7.56871374275
8.0
8.924984997
8.04380876175
8.0
9.50930186037
7.524904981
9.91898379676
7.0
7.57171434287
6.82536507301
4.0
8.0
5.0
6.5
7.66733346669
6.68093618724
6.0
5.35607121424
6.63612722545
6.87167433487
8.25895179036
7.5
9.20984196839
5.90288057612
5.58931786357
5.32606521304
6.70514102821
5.0
2.2324464893
5.89937987598
5.0
3.10412082416
2.97309461892
1.5
1.5
-0.49649929986
2.98709741948
-0.108921784357
-31.6568313663
-81.3034606921
-111.284056811
-106.50390078
-80.6933386677
-71.9984996999
-33.0983196639
25.3099619924
67.3109621924
92.901180236
99.7062412482
76.8283656731
27.4131826365
-7.16913382676
-38.3077615523
-62.9107821564
-71.7367473495
-76.5
-63.7933586717
-21.2878575715
15.8705741148
24.5
22.276155231
7.80726145229
-9.60712142429
-19.0701140228
-22.3317663533
-26.6527305461
-25.5699139828
-0.823164632927
30.0790158032
53.3792758552
57.6522304461
38.7849569914
12.9374874975
-10.5662132426
-31.2106421284
-51.4684936987
-69.6636327265
-64.1100220044
-44.8565713143
-9.22394478896
22.4940988198
41.2644528906
47.9104820964
46.1129225845
40.3485697139
32.7013402681
10.950590118
-9.52180436087
-12.4099819964
0.602320464093
18.2558511702
43.5674134827
57.2942588518
72.4388877776
89.0679135827
106.110522104
111.610422084
109.440588118
119.891978396
132.441188238
159.01080216
158.817563513
129.807961592
108.513902781
79.224844969
-25.0365073015
-137.016403281
-167.150730146
-162.330066013
-173.607221444
-166.582416483
-62.1677335467
40.5832166433
94.8857771554
147.287257451
203.550610122
194.477695539
126.958091618
105.711942388
87.400580116
38.7532506501
-3.34406881376
6.97899579916
21.5982196439
17.6641328266
17.4931986397
13.1098219644
-19.7127425485
-70.8290658132
-90.1209241848
-88.1882376475
-95.7272454491
-78.4219843969
-23.2968593719
43.1361272254
99.9062812563
156.887077415
178.584516903
156.798259652
110.379875975
63.2674534907
5.59101820364
-66.4069813963
-111.603220644
-124.193738748
-116.389277856
-92.575715143
-42.0215043009
0.805361072213
16.5870174035
33.6925385077
44.7044408882
44.8164632927
20.4070814163
1.52580516103
2.13462692539
0.0
9.48289657932
27.5170034007
37.4277855571
26.7264452891
15.5820164033
6.17783556711
-25.8578715743
-62.0580116023
-88.0642128426
-99.1110222044
-99.7106421284
-77.5791158232
-35.5361072214
-4.50580116023
22.2652530506
53.9143828766
64.0
35.0351070214
-51.0892178436
-143.439887978
-201.086417283
-220.345469094
-235.5
-205.263252651
-129.284156831
-45.0436087217
38.2076415283
104.426885377
128.99939988
87.8912782557
33.8945789158
-19.0351070214
-69.9278855771
-110.349269854
-133.5
-125.237147429
-81.875875175
-13.574314863
44.3844768954
72.7729545909
68.6154230846
39.1369273855
17.0328065613
-7.31016203241
-35.0396079216
-53.3980796159
-28.5138027606
25.4882976595
99.8975795159
180.850570114
244.166133227
276.346369274
291.292058412
282.126325265
237.564912983
179.904980996
111.863272655
49.351070214
-90.8912782556
-247.358171634
-315.165533107
-256.927985597
-215.727945589
-239.620424085
-139.031406281
41.4145829166
150.828365673
184.151930386
252.791358272
280.174234847
175.459291858
112.4889978
119.170034007
111.020804161
15.2453490698
-21.9643928786
30.0302060412
59.6079215843
43.2046409282
19.5477095419
-10.7655531106
-107.714042809
-174.088017604
-157.296159232
-128.567413483
-126.162932587
-70.5582116423
58.5674134827
174.415483097
249.775655131
293.703440688
278.803660732
193.047509502
89.3297659532
17.0549109822
-76.5712142428
-177.24264853
-224.820164033
-200.124824965
-142.953590718
-75.6639327866
9.02110422084
58.101220244
66.4962992599
75.1930386077
95.674534907
74.1918383677
17.9421884377
-5.33656731346
1.98659731946
14.6775355071
37.2280456091
68.2633526705
68.2221444289
26.5453090618
0.663432686537
-16.5056011202
-65.3039607922
-132.041708342
-157.883376675
-144.886277255
-114.300760152
-55.0967193439
25.025605121
84.5548109622
113.969693939
142.48829766
152.670034007
117.518203641
50.0842168434
-12.4621924385
-68.900880176
-116.452390478
-126.957691538
-113.550410082
-101.4909982
-79.7674534907
-35.4013802761
3.29885977195
18.2710542108
-6.71524304861
-56.1425285057
-95.2905581116
-109.308261652
-107.286857371
-111.727745549
-88.4043808762
-51.6220244049
-12.7211442288
13.9929985997
20.1962392478
-7.30036007201
-69.1944388878
-113.122424485
-147.545409082
-171.047909582
-179.334666933
-166.383576715
-127.029105821
-57.3081616323
23.5581116223
70.199839968
92.3485697139
93.7404480896
83.3560712142
56.524604921
23.6862372475
-20.5368073615
-52.6969393879
-55.699739948
-37.7343468694
4.68833766753
49.6736347269
72.3734746949
97.0325065013
126.228945789
170.392278456
201.5
205.836967393
190.965693139
184.814262853
207.824464893
222.027305461
214.228545709
110.179235847
-81.9714942989
-244.365273055
-261.470194039
-240.884676935
-339.705041008
-329.623624725
-164.549909982
17.1727345469
123.205641128
237.526405281
345.601320264
292.650130026
207.269753951
197.964992999
218.966393279
95.5624124825
-42.024904981
-36.1528305661
19.9921984397
30.0621124225
13.6904380876
22.6134226845
-39.7466493299
-146.914482897
-152.005001
-108.700740148
-119.560012002
-151.75115023
-65.3779755951
75.0150030006
183.414382877
261.771054211
312.771054211
282.75045009
188.305961192
123.74394879
53.6885377075
-62.1224244849
-194.850670134
-243.108321664
-218.316263253
-172.542308462
-103.564612923
-22.6477295459
23.9923984797
40.5956191238
84.5189037808
126.74174835
89.0918183637
25.6889377876
1.43668733747
9.73674734947
8.90548109622
26.9910982196
48.3128625725
27.5214042809
-9.2700540108
-20.1461292258
-19.3169633927
-68.3897779556
-132.790158032
-154.367473495
-138.74724945
-111.806161232
-53.7378475695
18.5485097019
60.2231446289
86.0428085617
125.74044809
151.289657932
116.430186037
48.0620124025
-14.6783356671
-73.3658731746
-120.722344469
-164.51060212
-182.844968994
-194.292058412
-209.50020004
-185.24714943
-125.400780156
-62.600420084
-56.9382876575
-38.3435687137
-24.4210842168
-12.9604920984
-13.5626125225
-23.4140828166
-36.5778155631
-75.1014202841
-74.75075015
-65.1091218244
-65.0932186437
-84.8109621924
-111.873874775
-115.101820364
-109.548909782
-90.3133626725
-88.74904981
-74.8524704941
-54.5653130626
-18.4594918984
28.1201240248
63.8902780556
69.6588317664
62.3429685937
74.9966993399
79.9897979596
80.7975595119
76.6127225445
73.74924985
76.8783756751
101.399179836
159.791958392
217.085817163
260.141428286
267.889677936
252.717443489
243.441888378
232.440288058
184.211942388
-17.2376475295
-264.384876975
-394.618723745
-346.371974395
-308.434186837
-347.874574915
-224.409081816
4.20884176834
176.420184037
260.977495499
375.308861772
413.808161632
262.705841168
127.591718344
112.671834367
129.827465493
3.72314462893
-78.0547109422
-7.44028805762
74.625025005
84.0336067213
91.9963992799
97.6399279856
-27.6953390678
-159.889377876
-171.122724545
-120.885477095
-134.571114223
-137.029405881
-11.7116423285
154.986797359
265.144928986
336.00520104
382.197739548
304.817163433
144.049909982
44.7952590518
-32.2050410082
-150.014402881
-271.571914383
-283.24244849
-211.917583517
-126.206041208
-16.8434686937
89.8724744949
127.887077415
106.833366673
111.842568514
123.219243849
63.7115423085
-19.3796759352
-52.1672334467
-43.3287657532
-31.0133026605
10.2055411082
55.2344468894
48.098819764
0.652830566113
-15.2880576115
-21.2337467493
-75.5050010002
-146.524104821
-165.138527706
-144.556411282
-102.953990798
-23.0692138428
71.1777355471
120.948889778
132.330366073
143.24324865
138.129825965
68.8523704741
-32.9394878976
-115.323564713
-176.886477295
-214.548209642
-205.144828966
-154.793658732
-123.118223645
-105.932986597
-76.1689337868
-33.6702340468
-15.074114823
-42.0098019604
-78.2542508502
-96.4947989598
-94.5455091018
-92.3855771154
-83.2568513703
-75.5897179436
-82.6131226245
-83.6814362873
-71.6268253651
-69.4277855571
-93.1715343069
-114.613722745
-124.838067614
-112.74594919
-81.2967593519
-48.1653330666
-17.5327065413
6.97639527906
32.8385677135
57.0304060812
69.2061412282
50.75065013
22.5620124025
-4.90668133627
-6.46559311862
1.87187437488
33.0685137027
67.6431286257
101.570914183
140.277155431
190.873074615
234.551410282
267.735347069
293.480196039
304.047009402
282.068613723
242.956491298
205.99509902
73.925085017
-187.833466693
-391.842768554
-422.583416683
-377.367073415
-407.638227646
-339.236647329
-115.235847169
97.6788357671
221.23914783
333.171634327
467.017303461
407.187737548
247.5120024
171.017103421
179.75695139
78.0721144229
-51.8387677536
-32.4772954591
41.0861172234
59.3586717343
45.1345269054
79.5568113623
31.7580516103
-123.035707141
-200.471894379
-146.480296059
-121.5080016
-146.325965193
-56.8812762553
128.640428086
254.839967994
328.702340468
398.702740548
396.369873975
250.448489698
87.3614722945
-7.42068413682
-107.546409282
-252.154030806
-329.608121624
-276.424484897
-195.598619724
-98.6566313263
22.7338467694
133.929685937
145.391478296
134.921784357
146.441988398
124.045009002
45.9343868774
-26.8718743749
-37.6487297459
-35.200840168
-25.3271654331
13.9110822164
44.5515103021
13.1463292659
-33.7969593919
-45.2523504701
-64.8971794359
-126.793358672
-169.794758952
-154.192038408
-115.620224045
-60.8936787358
34.0537107421
125.832666533
155.228545709
148.023004601
148.166533307
113.690538108
14.5837167433
-122.189037808
-225.151030206
-298.919183837
-337.563312663
-326.954990998
-257.810162032
-180.201240248
-101.607721544
-13.100820164
59.4479895979
86.0
49.6620324065
-5.66813362673
-63.2899579916
-121.448889778
-160.347369474
-181.26205241
-185.042008402
-169.554010802
-124.785757151
-71.5613122625
-27.1273254651
-7.0
-6.46369273855
-13.6323264653
-26.5
-30.4776955391
-41.7700540108
-49.774054811
-44.6701340268
-23.2270454091
8.17823564713
30.5326065213
50.6432286457
71.8318663733
92.2087417483
105.515003001
117.436587317
131.226645329
144.016603321
162.885477095
219.0090018
299.286657331
362.616523305
365.5
356.014102821
308.956291258
127.567513503
-191.120024005
-473.632226445
-553.01220244
-549.5095019
-545.374474895
-437.072114423
-164.696539308
116.467193439
320.4884977
475.980996199
602.302560512
549.332166433
353.854970994
205.866773355
146.355571114
35.6467293459
-102.569013803
-115.213142629
-13.7322464493
56.9893978796
75.3873774755
102.218043609
50.3211642328
-82.899779956
-186.49909982
-179.340368074
-152.092318464
-143.718243649
-66.0189037808
116.774854971
288.143128626
394.525705141
475.144828966
473.858471694
329.401280256
126.49389878
-22.0128025605
-155.120424085
-310.974694939
-406.428785757
-367.048209642
-255.50560112
-125.952890578
26.149029806
169.476895379
224.912082416
208.466293259
188.627725545
156.73804761
64.0919183837
-28.949789958
-73.9214842969
-78.225945189
-62.6827365473
-25.3947789558
22.5669133827
22.3035607121
-13.548809762
-43.3383676735
-65.4076815363
-117.882076415
-164.888277656
-164.629225845
-131.091818364
-72.4676935387
8.20704140828
90.3199639928
134.516203241
131.809261852
101.606921384
46.7370474095
-26.6058211642
-151.186337267
-247.530106021
-295.673234647
-293.335367073
-262.663232647
-207.24014803
-130.147129426
-61.5932186437
-0.0468093618756
28.7225445089
30.1446289258
-4.76065213042
-56.7136427285
-105.25645129
-143.838767754
-150.190738148
-149.985397079
-131.675335067
-102.529805961
-65.850370074
-33.8563712743
-19.7328465693
-22.0353070614
-43.1149229846
-56.6059211842
-63.4404880976
-63.0287057411
-61.4703940788
-45.7699539908
-18.075315063
16.0963192639
48.1396279256
73.3843768754
95.3081616323
105.466493299
102.0
97.1130226045
102.091418284
102.679035807
113.570514103
140.179235847
179.807361472
231.915483097
300.097119424
392.180036007
457.338067614
393.978195639
152.671734347
-132.813162633
-351.689537908
-458.656831366
-533.310662132
-579.134026805
-464.660832166
-212.98919784
41.4859971994
280.802060412
502.103220644
606.727745549
516.458491698
373.75745149
259.900680136
161.76175235
-5.87037407481
-142.410282056
-132.595519104
-31.4028805761
57.524604921
116.354070814
153.674534907
79.4015803161
-29.1348269654
-112.643128626
-138.438587718
-180.018703741
-204.083716743
-131.034006801
33.2094418884
206.280156031
352.481896379
462.362272454
472.625525105
357.549209842
209.322364473
68.9900980196
-100.199139828
-282.679135827
-392.928185637
-388.132526505
-299.970394079
-159.4944989
-4.68193638728
134.50770154
196.872074415
220.132026405
220.350070014
177.021504301
76.2144428886
-22.7653530706
-84.8082616523
-102.646429286
-81.150530106
-37.3025605121
9.3526705341
16.3734746949
8.05111022204
-5.46019203841
-33.3347669534
-83.5182036407
-145.302860572
-177.058611722
-173.637427485
-118.9909982
-31.1487297459
32.8852770554
77.6633326665
100.094118824
79.1481296259
1.45879175835
-88.4649929986
-159.25475095
-243.696939388
-327.183036607
-330.904580916
-260.716943389
-177.465093019
-101.436687337
-18.8878775755
36.6664332867
66.3983796759
50.1620324065
2.4522904581
-68.8718743749
-151.871974395
-216.638627726
-227.768653731
-195.480796159
-157.00570114
-106.864672935
-49.7784556911
-5.95029005801
25.6446289258
41.8061612322
17.5524104821
-19.9955991198
-48.5157031406
-61.9566913383
-66.3797759552
-46.8077615523
-25.7566513303
2.87597519504
31.5086017203
72.1201240248
110.24724945
130.884476895
145.00460092
153.212142428
168.465493099
201.065513103
236.670134027
256.619623925
297.080416083
365.313062613
465.188637728
470.423984797
221.00920184
-124.590818164
-379.318463693
-477.111622324
-562.141128226
-650.613522705
-555.609321864
-298.903580716
-44.0925185037
213.396479296
519.024704941
705.816263253
624.215043009
465.00810162
370.728945789
287.792658532
80.9596919384
-107.526005201
-149.24734947
-91.5438087618
-31.2918583717
46.9047809562
125.01170234
63.99909982
-70.9611922384
-136.152130426
-118.602120424
-148.302160432
-171.311162232
-99.8291658332
54.8793758752
210.528305661
369.816463293
510.657031406
532.375975195
394.215743149
222.99339868
86.899279856
-85.7343468694
-290.956191238
-419.865573115
-434.196939388
-369.837067413
-229.432286457
-45.899079816
122.099219844
200.689137828
232.780756151
241.954790958
222.622224445
136.013202641
35.9390878176
-44.3838767754
-89.8573714743
-90.4679935987
-48.6709341868
-2.34516903381
0.274954990998
-15.6968393679
-36.824864973
-52.4681936387
-87.1301260252
-141.100320064
-175.436287257
-191.385377075
-146.803960792
-62.7155431086
31.4902980596
104.827265453
126.686237247
119.103620724
85.4362872575
32.0464092819
-65.7355471094
-211.529205841
-333.091418284
-394.385877175
-360.387877576
-291.99159832
-206.735247049
-104.620224045
-6.12872574515
78.9618923785
118.778455691
104.9879976
23.4454890978
-82.5825165033
-174.675435087
-223.103920784
-228.676035207
-216.198239648
-186.292258452
-132.567913583
-57.7069413883
10.2918583717
46.2863572715
33.2439487898
-5.28615723144
-46.00120024
-75.7900580116
-87.5814162833
-83.3951790358
-61.7392478496
-36.0096019204
1.00860172034
51.8838767754
98.2184436887
119.330166033
112.5025005
104.915883177
107.25395079
131.301760352
151.311362272
187.780556111
242.196839368
318.73974795
443.764952991
582.447889578
616.926185237
362.589617924
-41.1539307862
-398.923484697
-571.25215043
-685.99309862
-801.311062212
-727.782756551
-457.817963593
-129.645929186
230.597619524
614.51140228
870.469793959
805.381876375
628.234746949
473.622724545
338.652830566
73.6981396279
-175.187437487
-256.193038608
-207.485597119
-99.9918983797
20.8203640728
139.926385277
92.0778155631
-31.6954390878
-125.593518704
-140.538507702
-189.74784957
-227.728545709
-175.439187838
-24.0694138828
165.577015403
378.427585517
582.543008602
641.651130226
516.070314063
333.726145229
149.140628126
-79.7670534107
-331.26105221
-506.264952991
-568.285657131
-518.445189038
-343.881376275
-111.980796159
108.691038208
245.935587117
322.885877175
342.700940188
314.533806761
211.895179036
83.9405881176
-37.9930986197
-123.809561912
-138.700140028
-97.1152230446
-32.7852570514
-9.91948389678
-6.88357671534
-21.5349069814
-39.6519303861
-71.0841168234
-124.226345269
-176.00340068
-195.911982396
-152.083416683
-59.300460092
53.2612522505
150.342768554
206.128225645
217.074914983
129.116223245
-6.85147029406
-135.477995599
-239.865273055
-347.660032006
-426.178935787
-411.873874775
-329.873274655
-207.123024605
-83.5845169034
22.7658531706
92.6874374875
104.687837568
82.9228845769
15.423784757
-66.5116023204
-180.370874175
-259.723844769
-290.390878176
-257.307261452
-197.223744749
-132.686837367
-65.5041008202
-31.8215643129
-3.50180036007
0.576515303058
-9.35817163433
-55.4766953391
-99.2422484497
-127.522004401
-118.600220044
-85.1483296659
-47.6915383077
-13.1592318464
7.45079015803
40.5700140028
72.3389677936
90.6614322865
86.1911382276
74.3312662533
71.6227245449
82.1773354671
115.879175835
162.025105021
209.98819764
261.446289258
333.132026405
434.635727145
572.523304661
652.551110222
440.617723545
10.7338467693
-409.485597119
-568.115523105
-653.292258452
-798.360772154
-764.536507301
-482.174634927
-115.99609922
233.428385677
608.869473895
889.309861972
838.433486697
604.49159832
414.475695139
306.309761952
49.1170234047
-224.067413483
-314.985797159
-223.013502701
-96.1278255651
47.8514702941
198.970294059
178.769253851
22.8877775555
-102.613722745
-120.677435487
-178.443288658
-254.580416083
-230.01130226
-77.2782556512
116.26275255
336.469793959
561.586617323
650.461692338
526.959091818
326.638927786
146.762252451
-66.8588717744
-322.383076615
-511.827765553
-572.727445489
-509.071514303
-335.00530106
-87.0950190038
151.400180036
291.063112623
340.471094219
348.209841968
307.916683337
189.75145029
43.1441288258
-91.3113622724
-180.111622324
-189.390378076
-121.711642328
-39.5794158832
1.07641528305
8.5
-0.977895579115
-10.8662732547
-44.50040008
-94.8371674335
-165.711742348
-198.923884777
-157.728945789
-60.9628925785
51.6054210842
145.474994999
194.75695139
199.01080216
169.24254851
106.635827165
-31.4309861972
-232.610822164
-420.780756151
-522.089517904
-501.75675135
-425.603020604
-287.702840568
-135.473494699
15.6309261852
151.023804761
236.703740748
224.478595719
94.6860372075
-57.6042208442
-207.25125025
-289.986797359
-336.735147029
-329.642028406
-278.518903781
-196.580916183
-80.2064412883
16.2437487498
75.7445489098
50.0393078616
-7.33046609321
-72.8414682937
-122.701440288
-162.855471094
-170.093518704
-151.540308062
-112.50620124
-41.9770954191
38.8208641728
95.4320864173
103.98779756
82.1853370674
40.9081816363
14.1479295859
2.85737147429
3.0
19.5168033607
52.8144628926
124.544408882
202.025905181
298.352170434
378.136127225
449.459191838
522.166133227
621.904080816
589.596719344
244.473194639
-226.846969394
-561.178035607
-619.470994199
-721.26165233
-799.915483097
-643.381676335
-273.276655331
80.7051410282
398.841768354
737.981996399
886.967693539
720.49089818
458.99269854
323.709741948
182.812862572
-87.7711542308
-288.026905381
-265.572314463
-122.840568114
1.05521104221
139.00260052
220.566413283
122.635827165
-45.9519903981
-126.358571714
-149.604920984
-231.900380076
-269.931286257
-175.346369274
18.9617923585
225.00310062
451.99439888
626.138027606
600.521804361
422.794158832
227.789057812
43.6627325465
-203.947289458
-444.351370274
-562.730346069
-545.321264253
-416.0065013
-199.873574715
50.9103820764
244.201740348
330.676935387
349.057911582
332.75755151
240.284256851
88.449789958
-56.7942588518
-167.670034007
-203.674234847
-166.823064613
-78.8110622125
-10.8265653131
14.2848569714
13.4874974995
6.50970194039
-15.6290258052
-64.9152830566
-139.215043009
-190.190738148
-178.475695139
-104.159431886
-5.01450290059
82.9892978596
146.726445289
169.648229646
150.915383077
91.9874974995
1.89837967594
-138.052210442
-289.449389878
-404.375175035
-422.864772955
-370.310862172
-279.689337868
-175.539907982
-56.2330466093
38.975695139
106.98819764
121.803760752
62.0517103421
-41.6086217243
-160.575515103
-236.321564313
-267.598819764
-261.220544109
-228.296159232
-176.111022204
-106.108621724
-33.5382076415
12.5388077616
10.124524905
-27.9818963793
-80.9232846569
-130.24404881
-161.769553911
-169.960492098
-152.796159232
-117.882876575
-71.8662732547
-12.5542108422
41.3232646529
70.1532306461
67.7824564913
45.4029805961
21.2120424085
9.91818363673
1.66523304661
12.074514903
23.4078815763
57.1531306261
96.6419283857
148.335167033
203.552210442
263.809061812
323.74204841
405.468893779
527.564412883
643.198839768
539.628225645
157.589117824
-277.944688938
-509.203440688
-594.471094219
-726.142628526
-770.565813163
-563.702940588
-211.088317664
130.659131826
488.572714543
785.111422284
828.622524505
633.452390478
445.163532707
319.365973195
112.613922785
-169.657131426
-299.803160632
-229.25095019
-92.4884976996
48.9278855771
191.350170034
216.818763753
83.7021404281
-52.2787557511
-97.7701540308
-149.441188238
-255.112722545
-269.710942188
-134.912482497
68.2388477695
288.228645729
509.053710742
629.0
552.478095619
373.366873375
195.680936187
-3.43838767754
-259.823664733
-475.209741948
-552.308261652
-493.933586717
-330.130926185
-102.652830566
123.428685737
273.267753551
337.963692739
349.26095219
309.038307662
188.280856171
29.7943588718
-104.539107822
-183.631426285
-186.25735147
-123.646229246
-41.8706741348
4.38157631526
21.9461892378
27.8286657331
20.2404480896
-15.0197039408
-80.5674134827
-149.218043609
-173.5
-137.583016603
-53.2933586717
40.5693138628
103.278555711
131.422184437
135.24604921
125.039007802
76.0901180236
-26.576615323
-192.402780556
-335.016303261
-398.542308462
-362.26065213
-286.480196039
-202.684536907
-94.7960592119
12.7546509302
99.0221044209
137.844768954
94.7316463293
-19.5456091218
-153.910982196
-242.024404881
-278.292058412
-268.639227846
-244.297659532
-198.645529106
-123.212542509
-29.4470894179
39.8409681936
52.7395479096
4.33796759353
-75.7030406081
-144.547809562
-185.384576915
-204.304060812
-205.041008202
-181.309161832
-128.75455091
-50.6890378076
27.5967193439
76.1814362873
81.5203040608
56.6389277856
22.2773554711
-1.22064412883
-18.0434086817
-31.2282456491
-29.225845169
-7.60372074415
36.3025605121
81.8056611322
127.393678736
161.056711342
194.305461092
215.428985797
256.871074215
327.712242448
420.225045009
503.9989998
507.393778756
294.816063213
-35.9146829365
-326.887277455
-450.23964793
-553.702640528
-665.224544909
-602.331966393
-332.547609522
-24.2951590318
271.891578316
552.523604721
717.059911982
642.120824165
481.5020004
354.264852971
223.232146429
-3.39347869575
-191.849769954
-205.126925385
-105.773654731
17.274054811
120.640928186
186.310862172
112.461292258
2.3471694339
-72.6479295859
-110.366173235
-196.144628926
-232.180336067
-151.050610122
12.8479695939
197.460392078
385.75155031
528.99289858
520.691938388
391.963292659
242.74864973
81.1977395479
-141.456191238
-356.027105421
-466.340268054
-451.161132226
-345.381276255
-166.304360872
30.7767553511
181.709941988
264.835967193
301.050810162
286.078315663
206.976795359
78.199539908
-41.6925385077
-122.140428086
-144.584816963
-112.386877375
-61.0615123025
-17.8730746149
1.49339867973
11.4220844169
9.16353270654
-7.78225645129
-49.9229845969
-99.9955991198
-133.156431286
-114.437387477
-51.849269854
19.7700540108
78.8375675135
125.24904981
149.611322264
140.391178236
81.7906581316
-20.5774154831
-145.450790158
-254.270254051
-318.519603921
-329.686737347
-289.554310862
-230.476795359
-151.75715143
-59.5082016403
32.3266653331
85.848769754
82.4687937588
27.1327265453
-42.4361872374
-111.73864773
-171.176235247
-216.162532507
-229.795259052
-223.074714943
-185.796359272
-122.304960992
-61.9895979196
-38.6764352871
-45.9601920384
-60.5382076415
-79.3975795159
-106.843868774
-137.162832567
-153.580216043
-157.428885777
-136.288657732
-99.2717543509
-54.5117023405
-22.8452690538
-2.22714542909
7.70674134827
19.7769553911
25.7052410482
18.9347869574
5.57071414283
-3.72864572915
-1.5
8.20974194839
20.0164032807
27.6379275855
46.2118423685
75.4072814563
112.214442889
157.895979196
217.25325065
283.799759952
349.352070414
427.724544909
532.774554911
569.931986397
425.544908982
60.2441488298
-296.838267654
-524.478495699
-593.49689938
-674.310462092
-631.709241848
-417.442588518
-84.7109421884
249.653130626
560.305361072
753.039307862
713.75335067
541.060912182
376.604920984
248.76075215
48.0439087818
-142.960592118
-215.027805561
-131.957591518
-14.8401680336
114.041608322
185.794158832
141.589917984
6.99909981997
-91.2097419484
-124.533606721
-169.477695539
-202.922984597
-153.74344869
8.20364072814
198.314862973
400.224244849
551.805961192
567.622824565
431.202940588
252.057811562
68.224044809
-138.819263853
-350.191738348
-483.859771954
-492.216543309
-385.626525305
-192.546609322
14.6287257451
194.313062613
291.772554511
328.561712342
314.936687337
244.359971994
120.489998
-17.2016403281
-115.821564313
-163.609821964
-138.190538108
-81.4107821564
-31.0884176835
-10.3867773555
2.59631926385
7.11192238448
-0.0202040408039
-36.5391078216
-84.0397079416
-120.383176635
-115.325465093
-55.6559311863
19.0863172634
83.6033206641
129.775855171
150.455791158
142.190438088
103.514702941
34.723544709
-66.0450090018
-224.567413483
-347.847169434
-383.570114023
-345.786657331
-301.965893179
-228.274554911
-100.929985997
32.2972594519
126.182236447
172.877575515
148.446989398
49.2782556511
-63.1456291258
-156.74464893
-218.933986797
-261.300160032
-275.904380876
-243.942388478
-166.075715143
-80.6544308862
-14.6826365273
6.67363472695
-7.86547309462
-52.0484096819
-85.3737747549
-118.540708142
-160.648929786
-190.034506901
-185.378575715
-146.523104621
-91.6898379676
-33.0550110022
5.57161432286
27.3608721744
36.5647129426
38.6960392078
34.3692738548
17.4787957592
-4.35277055411
-17.3182636527
-14.5897179436
-1.31436287258
14.2545509102
31.6352270454
56.4287857572
77.9329865973
111.710542108
158.375975195
208.018703741
265.905181036
338.779255851
430.214442889
523.562612522
550.116523305
402.130026005
55.0031006201
-281.034906981
-497.722944589
-569.283256651
-649.864172835
-602.822664533
-384.825165033
-65.4171834367
262.528305661
554.866073215
730.267053411
679.397579516
520.24574915
365.99979996
238.328865773
27.6977395479
-155.889177836
-208.183636727
-126.50260052
-11.973294659
112.864572915
174.595419084
120.200640128
-4.64242848571
-84.1792358472
-113.347969594
-161.861172234
-189.308461692
-121.583216643
36.0545109021
220.609121824
407.173634727
535.882576515
527.833466693
386.977095419
218.735747149
46.048809762
-161.031406281
-370.932386477
-488.158931786
-476.652030406
-349.603020604
-157.196439288
43.6297259452
208.103820764
296.906781356
328.421884377
311.812662533
226.602920584
94.5340068014
-38.6454290858
-130.74774955
-164.968993799
-134.736747349
-81.7059411882
-38.0957191438
-13.798759752
1.59351870374
10.7182436487
1.3774754951
-37.2847569514
-87.150830166
-119.350370074
-105.567213443
-37.8369673935
29.5219043809
87.7110422084
123.120724145
144.795459092
135.034706941
92.3691738348
14.8590718144
-83.7923584717
-183.373474695
-245.74034807
-252.75375075
-226.320264053
-170.341168234
-107.694538908
-61.474094819
-57.5952190438
-41.2560512102
-29.5820164033
-27.9939987998
-64.6702340468
-86.1216243249
-85.2469493899
-72.0379075815
-51.2297459492
-56.1961392278
-77.801060212
-107.620124025
-116.220744149
-115.422384477
-124.281256251
-140.305061012
-152.297959592
-139.49709942
-112.400780156
-80.1359271854
-59.3677735547
-60.6400280056
-72.7391478296
-65.9105821164
-49.3656731346
-40.9725945189
-43.3580716143
-38.9394878976
-21.3018603721
8.54880976195
41.9150830166
55.7180436087
45.8381676335
25.7289457892
9.56841368274
0.25525105021
-5.0
-8.23514702941
3.22654530906
27.8527705541
77.1655331066
133.658131626
202.24284857
251.148129626
318.014802961
381.608821764
461.232546509
524.514902981
532.486597319
375.116623325
35.5713142629
-313.192738548
-532.585717143
-597.042608522
-660.579015803
-617.577515503
-401.187237447
-59.326365273
295.382976595
606.567713543
792.651730346
752.359771954
586.353070614
412.086017203
252.597519504
23.7560512103
-197.289357872
-282.486797359
-210.99739948
-82.1367273455
48.8828765753
125.933286657
107.573914783
19.6231246249
-40.8912782557
-68.9196839368
-116.98809762
-149.038507702
-101.061512302
42.8620724145
216.337767553
387.312162432
505.209541908
484.962992599
351.321264253
189.837967594
12.1973394679
-197.359371874
-397.412382476
-506.581216243
-483.621524305
-354.780356071
-152.154630926
62.0419083817
238.406481296
339.976395279
378.850870174
352.182136427
251.573414683
98.4080816163
-54.6097219444
-164.943488698
-210.087817564
-181.107321464
-123.847469494
-67.0485097019
-22.224144829
12.0302060412
32.9125825165
27.9280856171
-9.69973994799
-65.0289057812
-102.099819964
-92.1290258052
-43.473794759
13.4414882977
57.2917583517
96.224444889
121.571014203
116.74044809
78.3913782757
4.62932586518
-91.1030206041
-181.968293659
-234.646129226
-234.486097219
-197.265053011
-143.688237648
-115.403280656
-64.6961392279
-1.31686337268
68.924384877
77.3919783957
45.6135227045
-8.64812962593
-60.2644528906
-112.930186037
-147.175135027
-166.633726745
-184.348569714
-184.405381076
-142.408681736
-82.8032606521
-41.6227245449
-33.1973394679
-44.8222644529
-54.6131226245
-77.099319864
-97.0932186437
-124.49529906
-155.48929786
-181.0
-159.935287057
-114.385977195
-69.3814762953
-39.7184436887
-17.6014202841
2.20624124825
11.4176835367
15.4834966993
9.03110622124
-12.9126825365
-36.3805761152
-42.0129025805
-29.7104420884
-26.0269053811
-30.6862372474
-29.8837767554
-15.3445689138
1.83056611322
30.2590518104
54.4641928386
81.0890178036
112.017303461
149.0110022
192.426985397
235.033206641
284.069213843
317.486697339
351.807561512
394.458091618
460.983496699
427.715643129
232.435487097
-121.070114023
-407.634326865
-571.646129226
-610.098219644
-629.028005601
-517.276155231
-243.839367874
99.6182236447
472.101420284
738.802560512
848.649729946
722.835067013
533.25785157
335.388377676
131.571714343
-126.420684137
-322.212642528
-368.00610122
-274.914282857
-119.690738148
36.9430886177
134.038907782
120.00070014
63.948689738
22.6097219444
-1.95459091818
-60.4356871374
-95.8776755351
-55.6514302861
63.775555111
207.801560312
344.479495899
404.516003201
341.469293859
206.868073615
60.7110422084
-89.2941588318
-266.74114823
-418.402480496
-476.124624925
-401.771654331
-245.398979796
-36.1667333467
157.663632727
304.591618324
370.99229846
378.818363673
322.355371074
198.311962392
31.5766153231
-119.658431686
-218.478095619
-249.547909582
-212.24504901
-150.850570114
-90.4361872375
-40.3457691538
4.40928185637
36.8267653531
40.6643328666
8.12582516504
-39.2397479496
-63.6630326065
-52.7427485497
-15.4583916783
16.2132426485
39.0456091218
54.950190038
60.0578115623
47.050110022
2.64612922584
-58.3828765753
-133.669733947
-199.341868374
-221.933986797
-194.070414083
-146.338967794
-94.9790958192
-25.0100020004
43.900280056
90.9986997399
58.3864772955
7.25205041009
-45.3026605321
-87.1135227045
-147.020004001
-166.082616523
-155.649129826
-126.74094819
-86.1073214643
-42.8820764153
-14.5270054011
-27.2356471294
-60.5679135827
-95.7555511102
-126.167933587
-161.409481896
-186.184336867
-188.122824565
-151.399079816
-105.826465293
-58.2086417283
-24.6809361872
-12.576215243
-18.4460892178
-23.5393078616
-34.3637727546
-55.4360872174
-76.3222644529
-83.524104821
-79.5316063213
-59.9457891578
-39.2890578116
-24.5337067413
-25.7042408482
-31.5734146829
-33.0
-32.351070214
-32.8290658132
-31.5
-13.1298259652
14.7577515503
54.8580716143
94.7669533907
136.960592118
150.5
157.394678936
164.817363473
179.192538508
186.172334467
196.129425885
222.173734747
271.978695739
337.312362472
383.813462693
324.141528306
78.0072014404
-218.716243249
-438.665933187
-501.50780156
-529.984396879
-500.169133827
-334.450290058
-30.2385477096
280.548009602
564.24974995
727.180536107
724.414782957
540.74664933
328.420384077
143.76045209
-61.0474094819
-269.532106421
-373.684036807
-306.045209042
-163.698339668
9.24384876976
139.283856771
198.556711342
143.697739548
79.4629925985
35.6325265053
-16.2767553511
-89.8667733547
-108.25065013
-36.2731546309
77.6595319064
201.877975595
289.0055011
310.825765153
224.202140428
102.340068014
-16.7627525505
-147.657931586
-296.223844769
-391.693438688
-378.970694139
-275.706941388
-110.454990998
70.4385877176
227.040908182
312.036707341
332.01060212
307.604020804
221.573614723
76.6631326266
-75.9633926785
-189.975595119
-243.324264853
-234.048809762
-187.634826965
-115.518103621
-56.4837967594
-0.148029605924
44.8540708142
66.4329865973
46.4210842169
3.29935987198
-37.1278255651
-55.74934987
-43.3640728146
-16.9040808162
-3.09921984397
12.9447889578
25.0192038408
29.9229845969
15.9734946989
-24.5908181636
-84.5139027805
-145.977295459
-184.350070014
-182.843768754
-149.228445689
-105.297559512
-54.0889177836
8.09481896379
74.275955191
117.883176635
124.100620124
93.7539507902
33.8668733747
-74.4842968594
-220.628525705
-298.602920584
-316.630726145
-273.160432086
-237.156931386
-139.454990998
-26.4553910782
63.5155031006
107.854370874
90.5155031006
25.9796959392
-82.6434286857
-172.362372474
-230.616323265
-251.545609122
-251.132826565
-221.335667133
-142.057111422
-49.1609321865
35.5092018404
76.099319864
69.6179235847
18.3894778956
-38.3072614523
-80.2642528506
-117.289357872
-151.00410082
-158.520104021
-134.775755151
-83.2941588318
-20.2706541308
18.9385877175
31.6798359672
26.1978395679
28.2266453291
30.0
25.075515103
19.3385677135
20.700440088
42.2183436687
75.8479695939
110.087317463
139.598119624
157.186437287
173.764152831
202.367473495
243.562512502
288.453290658
344.579315863
358.025905181
288.657431486
67.0719143829
-202.629225845
-413.340468094
-489.019303861
-514.363572715
-481.524904981
-312.279455891
-24.5460092019
287.972394479
541.183236647
686.780956191
678.959891978
509.473994799
306.133426685
113.603620724
-86.1944388878
-278.132326465
-367.584516903
-289.807661532
-138.059611922
32.4514902981
157.48989798
216.852570514
173.336567313
106.24894979
42.9091818364
-31.4617923585
-109.829565913
-130.820864173
-59.2572514503
65.524404881
191.885177035
285.102120424
310.814562913
240.867273455
130.666033207
9.71084216843
-133.176935387
-283.430986197
-373.564612923
-361.00360072
-256.337867574
-95.675835167
78.2212442488
228.936487297
316.132826565
336.699239848
303.356371274
210.553310662
61.6550310062
-88.5691138227
-193.863272655
-240.155031006
-229.445189038
-175.24874975
-103.940888178
-34.8857771554
25.5169033807
70.3619723945
91.9837967594
61.2119423885
12.4778955791
-35.9536907381
-61.0
-57.9694938988
-44.125025005
-20.7589517904
7.15583116623
32.8641728346
43.6807361472
28.4847969594
-8.95799159831
-65.1288257651
-126.941688338
-164.163532707
-164.24024805
-141.408181636
-100.517603521
-47.698739748
16.9445889178
82.4596919384
123.407781556
130.00640128
99.0727145429
45.2485497099
-18.7088417684
-80.4225845169
-124.387077415
-164.358371674
-246.613122624
-272.345269054
-236.407181436
-127.25965193
-67.0225045009
-17.6052210442
29.1542308462
68.3568713743
70.7104420884
36.175735147
-31.8792758552
-132.443188638
-201.736647329
-215.162732547
-186.25355071
-153.825365073
-130.00790158
-88.9979995999
-26.7015403081
23.4063812763
51.7837567514
24.6051210242
-26.0768153631
-80.0432086417
-94.1923384677
-102.223544709
-116.570814163
-127.678935787
-118.185637127
-77.4855971194
-27.2343468694
16.9646929386
28.9564912983
22.0871174235
23.5132026405
45.5979195839
58.050110022
51.3039607922
37.6123224645
28.9197839568
40.9311862372
52.725645129
76.2702540508
93.1410282056
120.607621524
154.607521504
212.209541908
279.305861172
345.633526705
385.472494499
367.225945189
257.621424285
48.7325465093
-208.24344869
-406.670434087
-494.649329866
-493.809061812
-436.154430886
-249.74264853
20.6587317463
300.946289258
513.962492498
615.049509902
596.449889978
441.106621324
263.089117824
83.6622324465
-80.6992398479
-230.74284857
-272.887677536
-191.815663133
-53.0525105021
78.5194038808
163.603720744
187.434186837
136.809861972
64.8767753551
-6.80896179234
-72.3078615723
-128.656431286
-114.840868174
-29.3136627326
96.1727345469
214.103120624
292.908881776
304.01020204
235.406681336
126.162532506
-1.82506501296
-143.00730146
-279.725045009
-355.644728946
-328.402780556
-221.781656331
-71.3270654131
80.3375675135
216.268553711
296.189137828
316.49479896
276.565313063
177.623724745
38.2861572315
-96.4336867373
-192.958091618
-230.236047209
-214.679735947
-164.359371874
-91.4692938588
-19.6576315263
42.9313862772
84.3162632526
92.4726945389
59.1017203441
8.12502500501
-41.1306261252
-60.5321064213
-58.3591718344
-40.5678135627
-17.4020804161
7.97809561913
32.924584917
41.7806561312
22.1214242849
-15.449489898
-70.1134226845
-121.042308462
-154.688437688
-156.093418684
-132.576615323
-91.2790558112
-34.2480496099
29.6033206641
89.2978595719
119.554910982
119.406181236
87.4063812763
32.125625125
-29.9677935587
-84.873874775
-124.00660132
-141.796459292
-145.984796959
-119.939287858
-74.050010002
-78.9668933787
-101.404880976
-105.874874975
-71.6677335467
-52.0476095219
-56.3051610322
-53.3121624325
-36.1028205641
-24.8132626525
-16.4230846169
-31.2474494899
-53.9075815163
-82.5578115623
-93.9606921384
-88.5671134227
-82.0474094819
-84.8568713743
-89.4594918984
-72.0036007201
-51.8949789958
-25.3622724545
-21.5693138628
-30.4017803561
-52.0032006401
-59.7674534907
-56.174134827
-54.7515503101
-52.6398279656
-49.0337067413
-35.0593118624
-14.8536707341
20.724644929
37.2178435687
43.799659932
41.4942988598
48.1909381876
60.5605121024
59.1124224845
54.2541508302
45.3458691738
45.5420084017
59.1870374075
83.3648729746
118.089517904
156.171134227
195.282656531
257.725745149
324.119423885
393.648629726
424.224644929
384.036407281
234.984496899
-3.36677335473
-253.594918984
-436.286157231
-506.555511102
-507.465293059
-419.819763953
-213.00040008
75.7323464693
362.598419684
576.692538508
663.202340468
613.893778756
459.905681136
277.802460492
96.4764952991
-85.8371674335
-232.343568714
-273.138727746
-186.596419284
-49.1399279856
74.073814763
145.936287257
156.697539508
111.224444889
51.8167633527
-4.01970394078
-68.1473294659
-107.682736547
-79.5977195439
12.875075015
137.413982797
247.867273455
308.704440888
297.514202841
213.674134827
94.7693538708
-36.7144428885
-183.485797159
-312.807561512
-366.515503101
-317.879075815
-200.763852771
-42.6824364873
112.841168234
241.101520304
312.516603321
320.771154231
267.470794159
154.172634527
8.74934986999
-120.127325465
-206.199139828
-233.5
-212.790058012
-156.305561112
-85.798059612
-15.8116623325
45.1278255651
82.0442088418
86.7970594119
49.3772754551
-1.72544508902
-38.724344869
-54.5129025805
-55.4714942989
-42.6912382476
-21.9625925185
1.81486297259
22.6591318264
28.3934786957
9.90088017604
-26.8847769554
-77.4332866573
-125.699539908
-148.053610722
-146.99929986
-122.626825365
-83.3954790958
-23.0671134227
41.0136027205
94.1160232046
115.587517503
109.643828766
72.2130426085
17.6886377275
-43.8357671534
-93.8330666133
-129.930086017
-147.514902981
-146.918583717
-173.638027606
-163.476995399
-127.519103821
-54.399079816
-17.5340068014
8.10982196439
25.75025005
31.3914782957
17.850870174
-16.5446089218
-64.4434886977
-118.693138628
-148.303560712
-143.24634927
-116.00790158
-86.149429886
-60.5293058612
-33.1067213443
-4.60222044409
14.1532306461
23.0150030006
-0.463892778549
-39.5780156031
-80.3444688938
-93.925985197
-93.3378675735
-93.150330066
-84.5117023405
-61.1603320664
-35.2132426485
-0.678335667128
27.1341268254
36.9334866973
31.2545509102
25.4646929386
36.4211842368
44.9958991798
46.5230046009
48.5
52.5854170834
57.5124024805
66.0174034807
81.3580716143
86.5
94.2932586517
112.863272655
157.778955791
208.348069614
268.845869174
323.926685337
385.286657331
396.890378076
334.905781156
159.122224445
-83.5823164632
-308.049809962
-446.834866973
-481.117523505
-453.297059412
-328.616223245
-111.694138828
154.294958992
405.175635127
569.187337467
616.768853771
533.296659332
365.99839968
193.071214243
27.7688537708
-125.980696139
-233.356471294
-229.470794159
-131.195539108
-13.1446289258
80.9539907981
131.708841768
115.459591918
57.2874574915
4.88277655532
-36.1688337667
-77.5068013603
-87.0147029406
-41.2316463293
54.7844568914
166.212742549
246.078815763
277.119723945
228.833566713
130.902280456
9.90828165635
-115.215643129
-235.631726345
-326.023804761
-341.26195239
-271.766553311
-142.175835167
14.6722344468
152.407581516
251.729145829
290.197239448
272.588017604
201.931786357
84.8946789358
-48.9642928586
-160.985797159
-224.301460292
-232.471294259
-197.029305861
-136.99419884
-69.7141428286
-9.98939787959
39.8266653331
67.0678135627
59.5726145229
22.6623324665
-18.7425485097
-45.3369673935
-53.3603720744
-43.7862572515
-28.6723344669
-9.35407081417
1.78865773154
7.83776755351
3.86657331466
-21.6897379476
-64.1532306461
-111.452790558
-145.199939988
-151.931386277
-129.583116623
-96.4114822965
-49.8270654131
5.89147829565
58.6316263253
97.7125425085
110.878175635
91.4940988198
51.1355271054
-6.29205841169
-62.2513502701
-106.364172835
-137.536907381
-141.625425085
-126.345669134
-86.5560112022
-80.2697539508
-102.893878776
-98.3860772154
-63.0093018604
-34.8704740948
-32.9893978796
-21.5805161032
-10.8882776555
-12.6429285857
-17.825865173
-34.6450290058
-59.524104821
-92.9548909782
-104.201040208
-90.9340868174
-71.9232846569
-57.6074214843
-54.5381076215
-34.9412882577
-19.0414082817
-3.21084216844
-4.38367673535
-22.1690338068
-57.8883776755
-78.1433286657
-81.2933586717
-73.198839768
-66.8820764153
-57.9317863573
-32.3858771754
-2.85267053411
34.2828565713
56.2837567513
57.0769153831
45.7728545709
40.7572514503
44.1208241648
47.4520904181
36.7104420884
30.0845169034
30.7830566113
49.8545709142
73.2417483497
102.308161632
129.0070014
159.937187437
193.25855171
245.889677936
308.156631326
369.26265253
387.534806961
333.148229646
206.539907982
10.1352270454
-220.519003801
-407.973194639
-483.464792959
-471.424784957
-396.876275255
-216.384076815
35.5208041607
289.151730346
480.135427085
576.847269454
560.75235047
425.50910182
253.592618524
84.8975795159
-64.2690538108
-202.790658132
-250.555711142
-195.234946989
-81.8176635327
19.0630126025
84.9177835567
106.349069814
67.9978995799
12.4364872975
-36.5847169434
-69.2928585717
-88.8897779556
-69.75065013
15.1872374475
123.717743549
210.675235047
254.114522905
235.306861372
154.383176635
36.0720144029
-87.1200240048
-205.935887177
-310.454390878
-353.0
-307.806761352
-198.313362673
-50.8926785357
93.6433286657
212.579615923
275.846069214
273.069213843
219.076215243
122.415483097
0.579615923169
-121.935387077
-198.477595519
-228.339867974
-211.942588518
-160.341968394
-96.4826965393
-36.1550310062
16.6077215443
52.3572714543
59.1674334867
38.9221844369
-1.21704340869
-36.9054810962
-49.5
-46.9111822365
-31.2542508502
-7.73294658932
4.24154830966
13.5423084617
9.99889977996
-11.4844968994
-47.6685337067
-91.6319263853
-129.788957792
-145.554410882
-136.143128626
-105.567813563
-64.624324865
-9.63092618524
42.3812762552
91.0341068214
116.00610122
109.772454491
75.4233846769
18.648929786
-40.8224644929
-91.9338867773
-123.786457291
-137.793358672
-129.232446489
-95.9374874975
-52.5129025805
-58.5909181836
-78.474694939
-79.5
-46.1762352471
-35.7822564513
-37.7402480496
-30.7236447289
-16.0
-11.0402080416
-10.5
-24.075615123
-50.6455291058
-86.4632926585
-94.3309661932
-79.4021804361
-66.5343068614
-58.2087417483
-50.9134826965
-29.7305461092
-12.7111422284
4.69903980796
-3.72054410882
-24.2271454291
-64.4514902981
-79.3335667133
-86.0
-81.5
-77.5
-60.676135227
-36.8841768354
1.44418883777
38.9564912983
61.3127625525
60.0780156031
48.0208041608
39.4973994799
32.0312062412
29.4089817964
23.6359271854
19.2633526705
23.5825165033
46.1917383477
69.2163432687
109.300260052
134.592218444
165.031706341
193.652530506
244.194138828
299.660832166
366.400980196
365.24864973
294.923684737
132.543208642
-62.5264052811
-281.909581916
-442.49379876
-499.834266853
-472.25025005
-367.614322865
-172.436087218
92.2727545509
339.056311262
497.49319864
555.442088418
509.565413083
367.4954991
196.132826565
30.0137027405
-115.24514903
-230.392678536
-245.608621724
-164.957291458
-50.1119223845
37.7614522905
84.7166433287
87.224044809
43.6811362272
-10.550110022
-55.6278255651
-83.8421684337
-93.8169633927
-54.0649129826
47.5648129626
159.886977395
237.895079016
262.785357071
223.580316063
128.337467493
1.80076015201
-127.530206041
-251.376475295
-336.095419084
-353.290658132
-281.598719744
-143.784956991
9.09871974394
145.043108622
247.677835567
291.911482296
271.422084417
197.388777756
89.0122024405
-39.9990998199
-149.721544309
-213.654530906
-215.061612322
-183.409081816
-124.605921184
-58.5433086617
-0.161932386474
38.6403280656
58.2865573115
48.1402280456
18.8330666133
-14.2352470494
-34.7603520704
-37.5583116623
-23.3650730146
-3.64882976595
13.6055211042
26.4943988798
28.1735347069
14.0986197239
-15.2958591718
-62.8928785757
-108.732746549
-145.613222645
-148.559311862
-126.437087417
-82.1856371274
-32.4562912582
23.8073614723
78.5586117224
119.808761752
128.725045009
103.693138628
59.4587917584
0.460692138437
-55.7156431286
-100.407181436
-121.75235047
-126.852170434
-105.25265053
-69.6449289858
-23.4989998
-19.9369873975
-54.6343268654
-73.3873774755
-55.3588717744
-43.675935187
-51.6013202641
-40.4620924185
-17.0231046209
-0.229045809159
10.1718343669
-0.898179635917
-27.1306261252
-62.950990198
-93.0463092618
-97.5900180036
-86.6110222044
-80.0720144029
-71.5528105621
-44.9711942388
-17.3289657932
10.2520504101
15.3769753951
1.59261852372
-42.625825165
-73.9800960192
-90.1116223245
-92.1908381676
-92.7856571314
-80.549409882
-48.324564913
-11.75025005
35.6550310062
63.6625325065
69.8448689738
55.9917983597
36.9646929386
22.225345069
11.5574114823
-0.572314462892
-9.00980196039
-0.407481496298
27.8352670534
65.399379876
102.032306461
135.896979396
167.177635527
200.528605721
236.50380076
286.939387878
330.562312462
343.732146429
277.49819964
161.9894979
-9.83036607325
-213.141728346
-401.978495699
-483.964892979
-462.614322865
-384.25835167
-228.193138628
2.2628525705
255.346769354
434.00220044
517.920384077
507.977695539
400.580516103
229.670334067
73.3853770755
-58.9545909182
-174.435587117
-225.882576515
-174.448389678
-69.5811162232
13.1417283457
67.8283656731
81.675335067
48.7597519504
-10.4981996399
-60.2016403281
-72.5916183237
-79.0604120824
-44.2555511102
38.5395079016
150.539607922
235.515303061
269.952190438
245.50980196
155.299859972
25.9109821965
-111.853770754
-227.463492699
-314.545709142
-345.665233047
-291.285157031
-164.399879976
-18.0214042808
120.326365273
229.846269254
281.875975195
263.574314863
197.903380676
102.291458292
-10.3659731946
-116.031306261
-184.819763953
-197.560512102
-168.116923385
-117.351670334
-58.2563512703
-8.93258651732
22.7220444089
35.0465093019
33.3890778156
15.3647729546
-11.2525505101
-31.5318063613
-25.5452090418
-3.62312462492
20.9389877976
41.8373674735
54.1878375675
48.8428685737
23.5613122625
-13.2905581116
-62.2984596919
-109.24304861
-148.219143829
-154.945289058
-131.093818764
-82.1489297859
-25.6259251851
31.7488497699
84.3267653531
119.467593519
132.906181236
112.806361272
70.1593318664
13.3165633127
-42.3085617123
-88.2941588318
-106.623924785
-111.578415683
-96.9082816563
-70.924884977
-30.9108821764
-17.8959791958
-64.9947989598
-88.5836167233
-84.0687137427
-57.0
-54.2829565913
-33.150730146
-5.11442288459
15.5985197039
27.375575115
22.8896779356
-6.30136027205
-62.9965993199
-103.121024205
-116.089017804
-103.954890978
-87.1822364473
-69.7537507501
-46.2920584117
-15.274754951
16.2204440888
29.474194839
9.37277455491
-37.8144628926
-79.4338867774
-97.2481496299
-95.5845169034
-87.9052810562
-77.0807161432
-46.8891778356
-6.76655331068
43.9107821564
76.124724945
82.00110022
62.1267253451
39.0543108622
23.3628725745
15.5967193439
13.2884576915
12.073814763
25.5609121824
49.4897979596
89.4668933787
132.4964993
172.381676335
199.204440888
227.026105221
265.129525905
322.792458492
346.00870174
294.575415083
159.393178636
-30.1983396679
-239.807061412
-399.149329866
-453.526505301
-435.564512903
-360.621824365
-202.272354471
42.2710542109
286.894078816
456.110422084
516.25695139
475.391178236
348.378875775
192.598119624
53.9133826766
-68.0733146629
-172.355171034
-203.212042408
-130.370574115
-14.6945389078
69.5410082017
105.123024605
83.1285257052
21.2213442689
-39.9815963193
-84.2053410682
-98.7036407281
-100.050210042
-47.9970994199
59.9053810762
189.74774955
284.581116223
315.674034807
269.726745349
157.847269454
14.1217243449
-122.854070814
-243.729945989
-330.294858972
-350.557311462
-277.430386077
-136.310562112
22.7598519703
167.584316863
264.360772154
287.5025005
251.764152831
177.874474895
76.6770354071
-38.7167433487
-137.100120024
-187.864472895
-176.826065213
-130.298159632
-69.5604120824
-16.3702740548
13.6802360472
22.7118423685
20.449489898
7.48839767954
-19.7785557111
-47.4828965793
-55.2117423485
-27.4380876175
14.6154230846
52.00040008
79.776155231
88.4776955391
70.0081016203
30.6643328666
-21.4763952791
-86.6763352671
-143.038107622
-180.343868774
-174.550010002
-135.981696339
-71.4042808562
-2.06561312264
58.6922384477
104.25205041
128.674434887
129.085517103
98.2655531106
48.875175035
-14.4384876975
-64.3108621724
-112.421184237
-147.799059812
-163.336867373
-147.619723945
-110.705041008
-61.125625125
-11.9218843769
22.9573914783
44.9171834367
49.8611722344
30.2668533707
-0.0076015202967
-35.3935787157
-69.8905781156
-97.0
-104.685637127
-107.452490498
-98.5975195039
-87.9462892579
-68.9641928386
-44.0578115623
-24.2808561712
-6.29875975195
-2.24414882976
-3.29095819164
-12.5819163833
-22.2574514903
-41.9095819164
-62.0929185837
-76.9485897179
-84.4079815963
-84.3267653531
-74.8634726945
-62.6957391478
-50.6645329066
-32.0583116623
-8.90848169634
14.2872574515
35.1904380876
50.7457491498
55.2613522705
53.9423884777
45.6223244649
43.9591918384
33.2930586117
23.0622124425
19.6450290058
29.5940188038
53.475595119
87.3704740948
123.591218244
164.860772154
207.357371474
248.480796159
293.676735347
324.479295859
317.774454891
234.289457892
85.0941188238
-108.344468894
-295.390978196
-414.780356071
-428.349169834
-383.453390678
-274.412382476
-97.7184436888
129.441788358
320.857871574
430.865673135
453.396179236
386.592718544
249.870074015
116.573914783
13.1792358472
-68.2342468494
-126.189537908
-116.861772354
-41.7026405281
38.2625525105
77.2945589118
75.5307061412
27.5719143829
-43.75035007
-96.8228645729
-104.708441688
-85.3650730146
-43.1785357071
41.051210242
161.922384477
263.303060612
314.415083017
297.193438688
209.450490098
66.6724344869
-77.874474895
-195.373574715
-280.790358072
-320.229745949
-290.0070014
-185.335767153
-49.2619523905
83.7388477695
186.718643729
240.954790958
226.00060012
166.325565113
94.0343068614
8.91068213642
-68.9702940588
-123.717643529
-136.719643929
-111.635327065
-68.9978995799
-30.1954390878
-9.87807561512
-10.2947589518
-28.6831366273
-43.7953590718
-52.9567913583
-58.9909981996
-56.4279855971
-25.6975395079
20.6937387477
69.2333466693
103.00410082
105.474294859
80.3129625925
37.1829365873
-19.7557511502
-78.125525105
-129.653230646
-167.859271854
-174.106321264
-146.313362673
-92.9829965993
-28.1270254051
28.0369073815
69.1111222244
95.226145229
97.5409081816
80.1050210042
47.7782556511
3.03050610124
-62.2906581316
-113.224844969
-139.99759952
-145.169433887
-139.345569114
-112.356171234
-68.4927985597
-29.6561312262
4.67293458692
24.5623124625
21.3529705941
-2.25135027004
-37.3906781356
-72.2844568914
-101.314962993
-114.807561512
-122.0
-113.014502901
-86.9546909382
-57.8558711742
-31.4167833567
-15.5193038608
-11.5676135227
-17.7730546109
-27.3432686537
-44.6378275655
-62.6449289858
-67.7641528306
-68.8053610722
-66.6266253251
-57.3171634327
-48.8695739148
-42.4338867774
-43.325065013
-37.3030606121
-35.6708341668
-29.849069814
-16.6626325265
4.76835367073
28.8159631926
58.9111822365
82.549209842
91.5952190438
93.9408881776
87.0874174835
70.6469293859
58.1982396479
49.5600120024
58.4109821964
86.7958591718
134.952390478
186.538307662
232.916883377
291.431586317
321.0
301.060512102
191.75095019
0.14542908586
-218.411282256
-379.472494499
-423.129025805
-394.575115023
-316.557711542
-158.060312062
59.2457491497
259.151930386
397.342368474
452.879175835
396.25005001
244.910282056
100.959891978
1.52150430086
-67.8379675935
-118.336267253
-105.607221444
-31.7613522705
56.7435487097
130.548709742
149.5
96.7669533907
-10.3605721144
-104.543508702
-148.23964793
-147.341168234
-113.275555111
-33.8788757751
86.9791958391
209.674834967
301.667933587
333.849969994
274.158231646
134.793758752
-20.2960592118
-153.692338468
-250.719843969
-307.433086617
-297.603520704
-224.071814363
-98.4040808162
35.6800360072
150.578715743
213.860472094
206.840068014
145.610122024
74.7024404881
2.85377075415
-59.4032806561
-105.399079816
-122.839167834
-101.427185437
-53.100520104
-6.39537907582
18.0
4.88117623525
-29.8403680736
-66.1283256651
-88.4813962793
-100.0
-95.7662532506
-70.4591918384
-22.423884777
37.6290258051
92.6727345469
118.794458892
109.815763153
66.2821564313
3.6451290258
-58.7266453291
-116.667933587
-158.312762553
-180.595319064
-169.962692539
-123.224244849
-57.0699139828
1.5376075215
41.799159832
48.5095019004
36.4694938988
14.0655131026
-12.3357671534
-49.2526505301
-76.6953390678
-86.5841168234
-83.4016803361
-64.0774154831
-40.2680536107
-27.8534706941
-40.3174634927
-58.2441488298
-76.3533706741
-92.6902380476
-107.847269454
-114.110222044
-112.476995399
-101.900780156
-73.2043408682
-46.2833566713
-25.50010002
-30.0013002601
-40.3974794959
-55.8923784757
-69.4028805761
-82.4289857972
-87.0882176435
-91.1089217844
-80.1425285057
-57.7898579716
-36.6677335467
-17.0408081616
-14.5108021604
-20.5735147029
-32.1281256251
-43.6566313263
-50.7034406881
-55.9165833167
-49.8563712743
-30.025705141
2.30226045208
35.6041208242
65.5986197239
81.6196239248
87.6926385277
82.5835167033
80.9403880776
72.9788957792
72.775255051
79.8532706541
107.145029006
137.622324465
169.309561912
204.830666133
235.463692739
266.092818564
257.662232446
184.855971194
7.04640928194
-180.674434887
-319.922384477
-369.897379476
-358.028305661
-291.626125225
-150.236747349
33.4174834967
214.206941388
355.905881176
420.536907381
380.274054811
244.477295459
110.943088618
9.24374874977
-63.0477095419
-117.598419684
-113.398479696
-53.5475095019
23.848869774
106.578615723
141.324364873
108.027105421
16.0915183037
-61.424484897
-108.710442088
-120.774854971
-98.7601520304
-35.4527905581
53.7932586517
155.331566313
247.764252851
285.596719344
244.072414483
133.011702341
0.233746749383
-121.061412282
-206.715743149
-252.520004001
-250.25495099
-192.99659932
-101.594618924
17.023704741
118.050410082
172.536907381
161.414882977
112.294658932
48.5392078416
-10.2205441088
-54.1345269054
-88.4342868574
-97.5863172635
-81.0531106221
-43.8102620524
-3.59031806361
15.4038807762
1.93628725746
-31.8073614723
-72.5285057011
-98.4924984997
-105.631826365
-95.3227645529
-72.9044808962
-30.6947389478
17.374274855
62.8045609122
89.5862172434
86.4892978596
51.1825365073
-3.79085817162
-57.549509902
-95.9295859172
-126.077815563
-138.425385077
-146.217143429
-132.430786157
-99.4338867773
-56.924684937
-34.6734346869
-23.3562712543
-17.0440088018
-21.0124024805
-23.3337667533
-39.9714942989
-60.3869773955
-91.0048009602
-99.7529505901
-103.694338868
-93.9712942589
-82.00060012
-78.9615923185
-75.0
-75.1931386277
-74.2067413483
-80.6944388878
-81.8400680136
-86.2724544909
-90.6885377075
-90.850470094
-79.198939788
-67.6144228846
-66.5130026005
-61.0013002601
-58.0182036407
-56.949289858
-50.401180236
-46.4349869974
-41.2984596919
-36.5
-30.8881776355
-18.0540108022
-5.2848569714
9.79315863172
21.1969393879
29.5
28.4108821764
25.6684336867
22.3816763353
26.7477495499
31.4374874975
46.551110222
74.0934186837
105.98929786
134.453990798
168.612822565
191.945889178
202.450990198
211.159731946
225.816563313
244.331366273
200.821764353
29.1496299261
-152.711442288
-258.376675335
-264.017103421
-290.622524505
-249.872674535
-137.613222645
2.65133026605
148.536807361
271.225245049
346.777855571
283.25125025
184.624324865
105.709641928
48.6925385077
-17.2284456891
-70.4665933187
-74.9787957592
-48.3287657532
23.2918583717
96.6102220444
123.477595519
73.6377275455
2.53470694141
-43.7843568714
-60.1484296859
-63.5569113823
-55.2417483497
-19.5663132627
44.550910182
129.772354471
204.520604121
218.205241048
165.615123025
70.4536907382
-13.5318063613
-85.8528705741
-136.018503701
-169.836067213
-162.268453691
-112.678035607
-29.3450690138
60.650130026
122.76025205
131.296159232
97.9842968594
54.2531506301
13.4560912183
-31.3868773755
-79.6848369674
-103.470494099
-96.1169233847
-58.7367473495
-13.4101820364
18.9347869574
27.9035807161
11.1912382477
-6.56681336267
-25.3404680936
-40.3175635127
-60.4563912783
-75.4827965593
-61.6201240248
-28.3048609722
4.08321664333
24.9078815763
24.7726545309
9.49599919985
-20.4351870374
-50.3804760952
-92.7096419284
-125.473494699
-162.99589918
-176.311762352
-155.793058612
-104.682136427
-58.2702540508
-28.0912182437
-14.1557311462
-11.0632126425
-20.7200440088
-48.048909782
-80.6109221844
-112.376275255
-130.914382877
-123.202540508
-94.8349669934
-66.74924985
-53.7577515503
-49.0468093619
-43.9296859372
-41.5
-56.7340468094
-76.3901780356
-96.374274855
-110.312162432
-109.617523505
-101.625625125
-86.5632126425
-76.00040008
-69.4152830566
-53.3604720944
-34.2203440688
-21.6889377876
-10.649829966
1.42038407682
16.1541308262
35.7462492499
52.7103420684
55.7337467493
50.1571314263
39.9064812963
35.2026405281
38.4364872975
41.2015403081
50.1236247249
62.5180036007
88.2275455091
114.981296259
136.650830166
159.809861972
172.229945989
192.538007602
203.061412282
143.209941988
33.6451290258
-72.5271054211
-102.908281656
-125.736647329
-143.201840368
-129.071814363
-30.0306061213
69.4557911582
144.697039408
185.140228046
183.708241648
129.074614923
72.8873774755
39.8292658532
7.14112822564
-37.9766953391
-45.1724344869
3.41468293656
54.7562512502
95.2213442688
126.305261052
113.734546909
64.773754751
9.74164832967
-15.0697139428
-47.375575115
-68.7725545109
-65.1929385877
-30.8373674735
23.7304460892
76.8564712942
107.779655931
101.071314263
68.3932786557
25.800160032
-6.49169833967
-31.7703540708
-54.8709741948
-66.0024004801
-52.8109621925
-4.55591118225
36.0425085017
62.5
56.3122624525
31.0798159632
3.06951390278
-17.9170834167
-45.3188637728
-72.8531706341
-94.3400680136
-83.700540108
-48.2832566513
-11.2652530506
1.7324464893
0.996099219843
0.340868173635
-9.19813962793
-19.5897179436
-36.1732346469
-57.1085217043
-83.050010002
-83.6777355471
-66.1356271254
-61.9460892178
-65.0204040808
-74.7901580316
-74.3470694139
-66.725445089
-66.7332466493
-75.6694338868
-83.5
-85.2699539908
-78.6199239848
-66.4554910982
-63.0
-67.8635727145
-77.3869773955
-78.6069213843
-73.5
-77.3190638128
-80.0194038808
-85.8346669334
-80.7876575315
-74.449189838
-65.7161432286
-66.2317463493
-74.3736747349
-72.474094819
-68.8321664333
-61.8087617524
-62.0
-61.5634126825
-61.0229045809
-52.3585717143
-44.5639127826
-41.1683336667
-38.9033806761
-29.2430486097
-16.1635327065
-0.149429885978
7.91448289658
7.49069813963
9.50300060012
12.4936987397
11.6128225645
14.6533306661
20.2673534707
29.1875375075
42.224944989
61.3186637327
78.7918583717
90.2061412282
98.0
105.168633727
103.868473695
118.899679936
130.038607722
139.0
104.423584717
64.6483296659
30.74894979
-5.08131626325
-58.8632726545
-96.1946389278
-126.906381276
-103.330966193
-37.2703540708
55.8381676335
108.858971794
147.218843769
183.952490498
182.101020204
146.802860572
70.3387677536
-12.4148829766
-84.1190238048
-93.6925385077
-91.2844568914
-74.0019003801
-23.5981196239
41.2983596719
85.4772954591
118.158431686
134.451090218
98.8673734747
23.1394278856
-17.9871974395
-56.5888177636
-84.0
-81.5786157231
-46.7864572915
-10.9574914983
30.1573314663
61.9818963793
64.2665533107
42.8202640528
12.8449689938
-15.0517103421
-40.6769353871
-52.9886977395
-59.6569313863
-43.8653730746
-20.2683536707
1.24394878976
7.98219643929
1.050010002
-17.4735947189
-53.6288257652
-81.5536107221
-100.106021204
-112.23894779
-97.0583116623
-71.1617323465
-36.1897379476
-9.47639527906
5.04410882176
5.89347869574
-5.25425085017
-31.1026205241
-67.9882976595
-97.0334066813
-113.459291858
-115.0095019
-103.174034807
-81.650130026
-54.3095619124
-35.3463692739
-21.3534706941
-18.5083016603
-27.4178835767
-46.350370074
-65.3925785157
-83.4012802561
-93.125325065
-96.5675135027
-91.8633726745
-76.2178435687
-63.124224845
-50.5153030606
-42.7237447489
-36.6847369474
-40.4165833167
-45.2786557311
-49.2864572915
-49.4712942588
-51.5938187638
-46.0704140828
-38.2763552711
-28.8962792559
-20.8340668134
-8.24824964993
-2.80226045209
-0.786657331466
-3.17763552711
-5.88317663533
-3.0
-3.5
-7.58271654331
-0.5
11.4676935387
22.0145029006
29.7806561312
38.0653130626
47.924884977
52.2017403481
68.3294658932
66.9317863573
73.8947789558
69.6110222044
87.3822764553
97.4535907181
92.9117823565
64.8602720544
39.6514302861
24.1415283057
14.850070014
1.23654730947
-0.793158631728
7.71414282856
30.6731346269
52.950690138
64.7487497499
60.9113822765
46.3103620724
38.6063212643
33.0870174035
26.5369073815
16.8135627125
5.73774754951
12.6626325265
31.725045009
37.9655931186
36.5
34.7938587718
27.4469893979
16.2685537107
9.60072014403
-2.33096619324
-17.2844568914
-23.9898979796
-12.575415083
-2.84946989398
-2.0
0.209041808363
-0.287057411482
-6.04030806161
-10.6693338668
-20.6433286657
-31.5227045409
-48.6095219044
-52.2366473295
-42.6473294659
-30.200940188
-29.1628325665
-21.5
-20.1073214643
-21.2880576115
-27.6377275455
-41.4588917784
-58.8968793759
-69.3871774355
-70.6849369874
-63.1805361072
-58.5365073015
-54.6632326465
-47.7214442889
-42.2640528106
-39.5
-45.0967193439
-58.7869573915
-63.2911582316
-64.5
-69.9615923185
-68.5
-70.4963992799
-66.5
-63.475995199
-59.4207841568
-54.3895779156
-54.5354070814
-56.5864172835
-57.0
-54.5
-57.1332266453
-60.7023404681
-57.6644328866
-53.4099819964
-45.7174434887
-40.7887577516
-34.4328865773
-30.5
-26.3548709742
-21.7736547309
-20.7107421484
-19.3475695139
-18.8590718144
-14.6680336067
-10.6483296659
-6.68363672735
-5.6599319864
0.69923984797
7.86337267454
15.4296859372
19.6679335867
24.7695539108
29.1677335467
28.7460492098
31.7538507702
31.7383476695
30.7305461092
28.7772554511
37.925285057
47.4285857171
55.9019803961
61.2338467694
71.3463692739
86.2684536907
81.5220044009
43.8099619924
2.20314062813
-27.3290658132
-41.4460892178
-55.8708741748
-41.3198639728
-9.51920384079
39.1455291058
78.3561712342
96.5901180236
82.8170634127
54.3412682537
18.900980196
-6.38067613523
-20.1422284457
-30.4133826765
-24.7130426085
-7.91558311663
15.201440288
31.9273854771
38.9784956991
36.4649929986
23.3982796559
1.80896179236
-12.4842968594
-33.5553110622
-53.7550510102
-57.0975195039
-45.6513302661
-31.8408681736
-14.8365673135
-3.5924184837
-5.12522504501
-11.0971194239
-13.9196839368
-23.0145029006
-41.825765153
-52.8849769954
-50.274854971
-39.424284857
-31.0
-33.3404680936
-35.1673334667
-35.200540108
-40.048809762
-51.9073814763
-64.8897779556
-70.4126825365
-71.5010002
-64.6683336667
-49.6215243049
-41.049809962
-35.2732546509
-36.0
-33.0
-36.150030006
-48.1593318664
-59.2061412282
-65.0
-63.299959992
-62.6155231046
-57.1066213243
-56.0598119624
-50.3376675335
-39.6441288258
-35.6532306461
-41.5637127425
-40.4128825765
-41.7403480696
-42.3898779756
-46.8857771554
-52.8935787157
-48.2958591718
-47.8632726545
-36.1660332066
-26.5265053011
-23.8370674135
-18.5596119224
-15.2072414483
-7.0
-8.53620724145
-12.3863772755
-16.9175835167
-16.5384076815
-13.5100020004
-11.4803960792
-3.42578515703
2.03680736147
12.2096419284
14.2040408082
17.9581916383
18.450390078
10.1148229646
8.43478695739
7.14602920584
5.58081616323
7.53170634127
7.174934987
17.7084416883
24.8961792358
31.7189437888
41.6486297259
49.4062812563
55.2161432286
50.651030206
50.7293458692
41.6665333067
38.651130226
28.5467093419
25.6900380076
28.5827165433
34.0282056411
36.4268853771
35.1637327465
33.874274855
29.4736947389
23.0214042809
15.7426485297
15.4794958992
10.3041608322
10.1207241448
12.2836567313
14.5829165833
11.9014802961
9.27175435087
6.37027405481
0.790658131624
-2.67813562713
-7.01480296059
-6.96179235847
-4.43838767754
-9.94668933787
-8.97789557912
-16.0182036407
-23.8104620924
-26.5
-28.6986397279
-32.4084816963
-31.74884977
-28.5
-28.5681136227
-28.6206241248
-29.8424684937
-34.7764552911
-36.426185237
-38.0291058212
-41.0
-40.6080216043
-40.5114022805
-43.5
-45.5099019804
-43.0
-48.0
-46.4333866773
-47.1644328866
-49.3043608722
-52.2731546309
-52.3709741948
-51.2830566113
-51.2596519304
-47.9724944989
-46.0428085617
-42.775355071
-41.1660332066
-41.0235047009
-42.3653730746
-44.0958191638
-45.0724144829
-44.1013202641
-46.5
-42.1703340668
-36.9787957592
-30.5
-25.7426485297
-22.8028605721
-23.3851770354
-22.350970194
-24.9410882176
-29.2716543309
-29.0277055411
-26.0363072615
-19.4929985997
-16.5
-9.0
-4.39937987598
0.848869773954
0.0815163032603
-1.99279855971
-3.80636127225
-3.68583716743
-1.82196439288
-1.67023404681
-2.824864973
2.0
4.76585317063
8.16583316663
10.2375475095
11.1297259452
13.4218843769
17.3921784357
18.49989998
18.5922184437
17.3376675335
21.6532306461
25.0
27.5
27.6064212843
29.8183636727
31.774354871
33.4701940388
32.5660132026
31.5
27.9935987197
25.4915983197
24.5
22.5680136027
21.450390078
20.5
22.1212242448
20.7892578516
21.8879775955
20.8085617123
16.4986997399
10.9205841168
7.23834766954
5.1199239848
7.48589717944
5.38937787558
6.97369473895
10.0049009802
12.5
8.85817163433
1.64962992599
-0.0277055411079
-2.16093218644
-10.7112422484
-15.5425085017
-17.9340868174
-15.2142428486
-16.0915183037
-14.075915183
-14.0603120624
-12.7276455291
-14.4417883577
-14.9594918984
-20.74894979
-27.7588517704
-29.5
-30.725545109
-31.6290258052
-33.6602320464
-31.5
-28.1943388678
-29.5596119224
-31.8574714943
-32.3418683737
-32.6631326265
-31.0
-34.1475295059
-38.1986397279
-36.5
-35.7482496499
-33.848969794
-33.2829565913
-34.7985597119
-32.5929185837
-33.3297659532
-32.4226845369
-36.7219443889
-33.3765753151
-30.5539107822
-30.4538907782
-31.4616923385
-28.5
-26.6816363273
-24.4701940388
-24.4928985797
-24.9964992999
-23.5170034007
-23.0163032607
-24.975895179
-24.5
-20.4205841168
-16.5
-13.4446889378
-12.9368873775
-14.4290858172
-14.2361472294
-15.0
-12.0943188638
-11.6936387277
-12.549609922
-10.6468293659
-10.125525105
-7.899979996
-7.64112822564
-6.55321064213
-6.02980596119
-1.82906581316
-0.861672334468
1.27945589118
2.12412482497
5.21704340868
4.59291858372
8.42268453691
7.5
12.5461092218
14.8567713543
14.4701940388
13.24964993
13.2418483697
11.5638127626
10.9524904981
9.71844368874
12.5787157431
11.7971594319
15.6950390078
18.0
17.2177435487
16.6716343269
11.8276655331
10.3120624125
8.88937787557
7.07871574315
8.60212042408
12.5
15.0851170234
18.2815563113
13.1085217043
11.5617123425
16.5858171634
8.28015603121
3.64042808562
1.56171234247
1.55461092219
0.0936187237457
1.46099219844
1.96879375875
6.95319063813
8.4375875175
3.98439687938
3.5
