-34.5
35.6078215643
-26.5308061612
17.9167833567
-1.8625725145
7.15523104621
13.7292458492
-16.5983196639
40.4193838768
-17.0915183037
32.1907381476
-16.8687737548
43.7819563913
-25.5066013203
2.39107821564
18.3799759952
-11.2961592318
7.70204040808
11.0592118424
-7.23164632927
33.3826765353
-19.8889777956
28.0
-26.9214842969
33.8624724945
-10.7716543309
21.399279856
-15.5
5.23574714943
10.5951190238
-3.61552310462
2.5675135027
4.35547109422
8.61462292458
-4.35777155431
3.10472094419
-3.88017603521
21.4300860172
-4.0124024805
12.6978395679
-17.8363672735
17.8822764553
5.64472894579
2.39617923585
9.44678935787
-5.89437887577
10.3881776355
-5.17043408682
15.6848369674
-2.65543108622
12.025305061
2.78445689138
8.59471894379
-16.3881776355
16.7335467093
1.83726745349
10.7441488298
-2.21874374875
11.2104420884
-6.04220844169
13.6624324865
3.42448489698
-3.9549909982
14.8593718744
-4.97159431886
18.9939987998
-8.31736347269
17.1399279856
-9.71224244849
25.2198439688
0.804460892178
-2.02340468094
9.17293458692
1.96659331866
-7.52120424085
23.1372274455
2.80456091218
2.80236047209
15.2086417283
-18.0121024205
14.3531706341
8.4474894979
-0.711342268454
5.25965193039
15.7927585517
-0.128725745149
-7.54570914183
30.4132826565
3.85547109422
-16.7184436887
32.5794158832
-29.1882376475
31.8793758752
-16.6619323865
18.1042208442
-6.68353670734
-4.60902180436
20.1412282456
-8.85927185437
4.38027605521
-1.08061612322
5.91608321664
-2.67943588718
16.300560112
-7.8225645129
14.9015803161
-6.59271854371
15.5925185037
-0.747649529906
-3.80266053211
28.6924384877
-2.32406481296
5.5526105221
-3.08931786357
26.9954990998
-10.6695339068
1.40798159632
17.0773154631
-12.8141628326
10.7093418684
3.72024404881
-4.04340868174
11.5405081016
3.03690738148
9.60762152431
-7.13422684537
21.6332266453
-3.3723744749
-2.20174034807
16.8699739948
-0.00720144028787
9.01780356071
-2.04150830166
2.71874374875
-6.82396479296
24.2220444089
-26.2651530306
23.8126625325
9.42468493699
-0.451890378076
8.79605921184
14.3633726745
-3.0149029806
5.54620924185
18.4379875975
-3.05051010202
15.8110622124
-0.52850570114
0.580516103221
8.77435487097
5.5849169834
9.97809561912
15.0417083417
-0.00660132026451
-1.49979995999
30.2588517704
-8.34536907381
9.40168033607
13.7957591518
4.23954790958
-2.06141228246
21.25065013
3.58151630326
-3.51070214043
15.4477895579
-4.2174434887
7.67683536707
0.594518903781
4.34646929386
-4.62652530506
4.41208241648
7.78125625125
-6.77935587117
17.2630526105
-10.8484696939
13.8910782156
-2.41018203641
10.0531106221
9.4698939788
-4.93928785757
11.1137227445
0.938487697541
1.72604520904
1.36407281456
2.29395879176
16.4888977796
-8.17413482697
13.2046409282
-10.7196439288
22.1891378276
-6.13292658532
15.5428085617
3.4899979996
-12.4319863973
34.0767153431
-18.949589918
-1.39727945589
35.4053810762
-18.298859772
24.0326065213
-4.57631526305
19.0960192038
-16.6114222845
34.4853970794
-14.6345269054
4.87927585517
22.3224644929
-22.1734346869
15.6451290258
18.2594518904
-0.617323464693
8.5624124825
2.31456291258
7.72984596919
7.70374074815
24.4674934987
-9.41068213642
24.6849369874
-7.58381676335
14.7857571514
6.99059811963
-1.60002000401
24.3210642128
-12.0203040608
28.7017403481
-22.9178835767
22.3298659732
-1.98599719944
9.3124624925
8.92658531707
9.95339067813
-10.3483696739
34.5438087617
-19.7725545109
17.6637327465
2.59851970394
17.3917783557
0.169433886779
5.23954790958
19.9722944589
-9.49809961992
16.3901780356
-2.70434086817
4.97099419884
6.06681336267
21.7443488698
-13.4668933787
22.574114823
3.75535107022
6.75915183037
6.25385077015
9.66913382677
-0.79275855171
20.8090618124
3.86857371474
9.62912582517
0.0852170434089
3.31366273255
28.4414882977
-9.81096219244
29.4459891978
0.62372474495
6.7225445089
-1.41578315663
22.4667933587
2.78865773155
17.3263652731
6.51890378076
0.944588917781
13.5607121424
-7.299859972
32.3843768754
-10.2326465293
5.54410882176
9.40578115623
6.72404480896
2.18593718744
6.29985997199
2.68583716743
8.73094618924
10.2178435687
1.34726945389
1.07041408282
17.0714142829
-0.155331066213
13.2284456891
-14.9207841568
36.6275255051
1.9849969994
4.07181436287
5.23344668934
11.8650730146
2.23274654931
9.64412882576
15.1190238048
1.92138427685
14.0043008602
-6.21264252851
30.4265853171
-5.39447889578
16.4982996599
-11.5455091018
40.1792358472
-33.8377675535
32.1587317463
-3.16933386677
-1.60832166433
5.26315263053
-4.68643728746
19.6393278656
-20.0127025405
27.8270654131
-7.04320864173
3.82116423285
13.3268653731
-13.2220444089
27.8925785157
-17.3570714143
25.224544909
-12.1944388878
23.4778955791
4.33316663333
8.20104020804
18.3883776755
4.30406081216
17.0270054011
-7.40368073615
28.5675135027
0.763052610522
2.72954590918
13.2886577315
-0.942888577715
11.548809762
8.25545109022
-0.556811362273
1.77985597119
13.1798359672
-9.73664732947
8.0875175035
21.7190438088
-9.04470894179
1.05881176235
15.7277455491
-0.334866973395
2.19623924785
-7.12772554511
12.3294658932
-1.74134826965
-1.18013602721
21.2790558112
-10.5643128626
15.849769954
-7.79285857171
25.3940788158
-5.98979795959
12.6383276655
10.9640928186
19.1368273655
-3.35727145429
7.64852970594
8.43518703741
-0.391678335671
26.4384876975
-0.712942588519
5.62352470494
6.66703340668
15.7313462693
8.30586117223
7.71874374875
-1.03460692139
18.7349469894
-1.64632926585
8.48529705941
7.94418883777
6.71304260852
3.96289257851
8.41688337668
-10.9477895579
25.5559111822
-13.2300460092
34.8342668534
1.33426685337
1.65193038608
11.1068213643
-10.8721744349
12.650930186
-2.51030206041
22.8049609922
-5.90558111622
16.5205041008
-9.98199639928
6.63992798559
14.100920184
16.5727145429
-20.6409281856
27.2130426085
-9.25665133027
20.4424884977
2.13042608522
3.28125625125
9.40308061612
-3.91098219644
31.9074814963
-4.96279255851
10.2729545909
3.04860972194
10.400080016
-4.75115023005
29.5799159832
-4.20084016803
20.9015803161
-3.99599919984
5.98089617924
-0.671534306861
22.1734346869
-3.99189837968
-7.43868773755
22.6057211442
0.521304260853
-3.76045209042
10.9779955991
7.3800760152
0.375875175036
1.77035407082
8.78725745149
6.81476295259
-2.03400680136
15.4054810962
-1.29575915183
5.75545109022
10.0134026805
0.596819363872
13.5282056411
0.904480896181
11.4794958992
6.66913382677
-6.73214642929
26.3114622925
-3.62672534507
8.03560712143
8.16603320664
7.37827565513
-4.82856571314
24.5444088818
-9.70974194839
12.1723344669
-1.47789557912
17.8851770354
-6.77195439088
19.3698739748
-10.5883176635
8.14082816563
9.1375275055
-0.246449289862
6.09801960393
1.60712142428
14.2679535907
-13.2158431686
16.7900580116
-26.3447689538
26.3968793759
-8.65123024605
11.3722744549
-15.5128025605
29.4556911382
-27.0
25.3569713943
-15.9323864773
17.8345669134
10.7841568314
-0.45089017803
-14.9223844769
33.5946189238
-18.00060012
-3.45689137827
21.424084817
-2.47249449889
-1.29095819164
8.57661532307
-9.1124224845
6.24564912983
-1.79555911182
-5.87857571514
0.219843968794
4.90418083617
5.20534106821
5.98429685937
-2.48569713943
-8.85857171434
10.6651330266
0.506801360274
0.988397679533
11.1295259052
6.1175235047
3.26385277055
0.936787357471
16.4402880576
-27.4466893379
30.0488097619
-7.74454890978
7.59691938388
-7.16063212643
13.7639527906
1.45269053811
4.27625525105
3.49299859972
7.00620124025
0.262552510503
3.02570514103
-6.31966393279
4.28885777155
-5.48379675935
20.4941988398
-7.16973394679
3.62112422485
7.30056011202
2.54490898179
-2.78035607121
8.36217243449
-5.20794158832
7.5576115223
-8.400080016
21.6111222244
-22.6116223245
15.626125225
0.614222844565
-3.36187237447
-7.29925985198
28.1480296059
-16.5542108422
9.36367273455
-9.23144628926
21.1042208442
-12.8082616523
2.70974194839
-1.96539307861
-18.4948989798
9.40368073615
-7.14942988598
2.36017203441
-10.3411682336
5.3324664933
-4.34846969394
-7.95549109822
-8.6725345069
9.06541308262
-7.0126025205
0.234346869375
-14.6933386677
15.4125825165
-19.2311462292
16.5629125825
-4.0300060012
-2.82096419284
-6.26645329066
-4.94878975795
-8.66673334667
1.21024204841
-7.97159431886
8.41548309662
-24.2456491298
9.33266653331
-15.4650930186
2.23814762953
-21.7351470294
19.6017203441
-27.3088617724
15.6067213443
-5.27705541108
-24.4772954591
21.201040208
-35.6145229046
17.8547709542
-38.0642128426
29.0276055211
-38.276055211
7.67653530706
14.6863372675
-23.3918783757
11.2040408082
-10.2962592519
3.27945589118
-20.5598119624
27.1949389878
-18.2074414883
-1.9324864973
2.00210042009
-20.5638127626
9.25115023005
-35.1672334467
10.4914982997
-21.9322864573
9.79655931186
-36.4638927786
19.1954390878
-25.8351670334
-2.39387877576
-15.9619923985
-5.05521104221
6.7925585117
-16.3892778556
6.60152030406
-24.1353270654
11.7921584317
-25.4327865573
18.9273854771
-14.4908981796
-12.0947189438
3.88877775555
-2.80226045209
-12.1968393679
-0.884876975392
-2.18623724745
-16.026105221
12.9331866373
-25.7883576715
7.45319063813
-6.37407481496
-6.86297259452
-12.7709541908
4.15153030606
-8.54170834167
-17.1782356471
10.5961192238
-26.3094618924
-0.0144028805771
-20.1878375675
1.55721144229
-23.0582116423
-6.27865573115
-7.92438487698
-8.71114222844
-14.74934987
4.12282456491
-13.2272454491
0.552310462094
-9.79465893179
-13.699939988
7.83956791358
-15.8979795959
-9.89057811562
-19.7183436687
20.4438887778
-13.574914983
-13.6783356671
13.5325065013
-34.4457891578
12.6941388278
-31.6192238448
1.94558911782
-16.0600120024
12.8081616323
-27.4648929786
-1.70374074815
-32.4294858972
10.0289057812
-15.3132626525
-22.3594718944
24.5
-21.9299859972
-21.9302860572
0.753150630127
-28.0808161632
-4.84796959392
-1.02440488098
-6.59551910382
-19.9522904581
17.3630726145
-52.3780756151
24.3100620124
-54.8403680736
19.551210242
-20.0087017403
5.69763952791
-11.450390078
-12.4083816763
-17.8907781556
-6.2199439888
-8.4973994799
-25.075515103
0.896379275855
-12.9280856171
-23.6544308862
-2.76205241048
-11.5893178636
-15.1022204441
-15.2597519504
-6.61862372474
-9.48659731946
-10.3091618324
-15.450790158
-14.5647129426
-4.75405081016
-25.1044208842
-7.43078615723
-7.96799359872
-12.0774154831
-6.99149829966
-23.2932586517
-5.37597519504
-29.574714943
12.8603720744
-33.6347269454
-8.42728545709
-11.7264452891
-4.85917183437
-23.4389877976
-3.3300660132
-7.31076215243
-21.8762752551
-11.6385277055
-3.73824764954
-7.00490098019
-25.0044008802
7.51430286058
-47.7623524705
9.81406281257
-14.7469493899
-13.7598519704
-10.7855571114
-14.2820564113
-3.24104820964
-40.2961592318
29.7830566113
-51.0
5.16043208642
-5.53890778156
-25.4950990198
-17.8932786557
-20.9278855771
7.19823964793
-46.5
13.6940388078
-40.1037207442
-7.68543708742
-18.3472694539
-15.4849969994
-13.9082816563
-6.15363072614
-28.5969193839
-16.2922584517
-5.27605521104
-15.7172434487
-27.8885777155
1.48529705941
-22.1976395279
-12.6366273255
-9.52440488097
-18.3924784957
-11.2348469694
-12.0438087618
-7.8125625125
-26.5211042208
-11.9451890378
-7.02690538108
-46.6400280056
11.8552710542
-45.1127225445
17.6223244649
-50.1812362473
17.9026805361
-49.8152630526
1.84576915383
-25.6830366073
-12.1685337067
-17.950490098
-26.6726345269
6.68133626726
-58.625225045
12.6337267453
-34.9527905581
-24.2484496899
-0.615423084621
-22.2664532907
-19.4467893579
-28.798759752
27.1695339068
-45.6113222645
11.4056811362
-10.0075015003
-27.6080216043
-15.825265053
-1.5877175435
-20.3332666533
-9.22214442888
-13.9528905781
-15.1068213643
-12.050010002
-17.1398279656
-10.0125025005
-25.599819964
-8.80906181236
-20.6110222044
-7.03910782156
-29.5094018804
-7.16823364673
-3.08661732346
-37.6130226045
16.00020004
-35.0476095219
5.68023604722
-40.2800560112
13.9943988798
-36.1325265053
4.61592318464
-32.4425885177
-9.91768353671
-0.524004800955
-41.9803960792
2.97329465893
-27.9326865373
-5.37557511503
-16.2071414283
-5.13092618524
-31.0560112022
5.87457491498
-16.9222844569
-9.97449489898
-22.050910182
8.21304260852
-41.3844768954
6.20334066813
-23.6773354671
-12.4138827766
-22.6179235847
0.985897179435
-18.4209841968
-18.5098019604
-11.8821764353
-7.69203840768
-16.7845569114
-20.550010002
12.0923184637
-46.1730346069
3.63462692539
-29.9653930786
-4.57731546309
-25.8654730946
-7.54610922184
-15.7688537708
-15.2126425285
-17.776055211
-25.7857571514
12.7149429886
-18.2525505101
-22.8439687938
-2.27905581116
-24.4662932587
-10.950890178
-6.40348069614
-14.7778555711
-20.8518703741
6.68263652732
-38.098719744
3.63182636528
-28.2612522505
2.46359271855
-35.5947189438
11.4098819764
-37.9703940788
15.7982596519
-41.6965393079
12.2037407481
-35.8535707141
6.73304660932
-33.8816763353
6.0602120424
-13.6585317063
-9.58221644329
-13.6104220844
-18.6600320064
-6.92308461693
-13.7310462092
-24.3607721544
2.12952590519
-15.8280656131
-10.6844368874
-21.9825965193
5.07071414283
-34.6969393879
10.7283456691
-30.1586317264
5.8601720344
-31.74884977
5.77955591117
-14.4482896579
-11.49969994
1.85297059412
-24.3856771354
-0.666733346661
-23.7427485497
-1.90508101621
-16.0699139828
-17.8941788358
16.2296459292
-53.6780356071
30.5700140028
-29.5828165633
-4.85247049411
-23.3289657931
-0.827765553127
-8.08891778354
-33.5110022004
8.86467293459
-56.5926185237
16.825265053
-42.5590118023
-8.49989998001
-28.7374474895
12.2727545509
-42.5840168034
-4.69443888779
11.75015003
-31.6616323265
-9.07861572315
0.427985597136
-30.5783156632
-4.99699939987
-17.8348669734
12.2888577716
-38.2916583317
10.7722544509
-29.1266253251
3.43608721745
-23.6634326865
3.25645129026
-19.4725945189
-11.9994999
7.49949989997
-23.5703140628
-3.43918783758
-1.57281456291
-20.3208641728
-11.9590918184
-2.47829565913
-14.5514102821
-10.3561712342
-8.88947789559
-11.4644928986
-5.0976195239
-17.6830366073
-10.424884977
-0.224444888971
-13.3331666333
-19.8657731546
10.1062212443
-30.5733146629
18.5
-32.575615123
16.4919983997
-24.5823164633
0.307461492292
-8.81866373274
-1.7273454691
-9.35537107421
-16.8853770754
-2.35737147429
-18.6204240848
2.51230246049
-14.0711142228
-11.7380476095
3.29055811162
-21.5957191438
0.456791358266
-13.1828365673
4.38147629525
-23.2295459092
-4.15763152631
-11.5
-17.0163032606
-7.53110622125
0.609021804362
-22.8698739748
0.0672134426916
-10.4687937588
-18.599019804
-1.09131826366
-12.6708341668
-3.8073614723
-16.6815363073
-2.5203040608
-24.1811362273
20.6523304661
-45.6583316663
8.12662532505
-4.08581716342
-19.0942188438
-3.00710142028
-4.38597719544
-13.876175235
6.93678735747
-15.574414883
-9.23884776955
5.71444288857
-15.2449489898
1.15213042608
-23.2316463293
17.6841368274
-34.0
20.2047409482
-26.2169433887
-1.3600720144
1.09301860371
-18.7175435087
-4.44988997799
-7.21834366874
-6.80186037207
-16.274154831
4.92108421684
-14.0932186437
-5.8601720344
-2.12412482497
-10.2308461692
-10.1093218644
0.928085617123
-24.1585317063
3.31426285257
-13.850670134
10.0431086217
-14.0005001
0.277855571113
-17.3632726545
2.59681936387
-10.8106621324
-3.05681136227
-3.3325665133
-5.8124624925
-16.1810362072
25.225645129
-20.0728145629
2.4550910182
-4.22374474895
-9.25415083017
-10.2467493499
1.9325865173
-11.2398479696
-2.97879575915
-4.64852970594
-14.8549709942
-11.2015403081
17.2215443089
-22.4653930786
9.7624524905
-38.200940188
31.7473494699
-37.9097819564
16.5883176635
-14.651330266
10.1424284857
-23.3680736147
1.56301260252
-3.79205841168
-12.0717143429
1.20694138828
-17.6458291658
9.50150030006
1.03510702141
-13.5229045809
0.555311062213
-0.451690338067
2.21814362872
-9.79035807161
13.775055011
-25.6383276655
21.4305861172
-20.0110022004
-2.94568913784
8.79035807162
-11.1213242649
-0.198839767953
-7.13902780556
6.71204240848
-22.9324864973
12.7281456291
-5.59281856371
-6.76055211042
2.11942388478
-6.68433686738
3.36157231447
-11.5793158632
-0.623224644933
-12.4521904381
5.00080016003
-14.1146229246
-1.48469693939
-20.1851370274
10.5484096819
-16.6147229446
15.0865173035
-20.0172034407
13.1463292659
-26.0119023805
23.7588517704
-30.7600520104
18.5648129626
-13.8351670334
-4.08621724345
5.56301260252
0.0245049009827
-9.2700540108
-5.81126225245
11.824864973
-14.1677335467
12.5936187237
-1.67373474696
-4.68873774755
4.58121624324
-0.537707541504
-9.90108021605
-2.41478295658
9.93048609721
-17.0923184637
12.3461692338
-9.35367073415
4.28435687138
-12.5173034607
10.9050810162
-12.3329665933
-0.537407481492
-9.45929185838
-1.31576315263
0.533006601321
0.193538707739
-13.4138827766
4.69143828765
-6.97079415883
-5.02180436088
9.88037607522
-10.0362072415
7.68603720745
-8.67533506702
14.3433686737
-19.9130826165
21.7904580916
-15.0064012803
4.89307861572
1.37447489498
-10.1682336467
5.79305861172
-8.95959191839
10.9226845369
-16.675935187
19.349169834
-14.1371274255
-1.16303260652
19.3851770354
-26.5635127025
20.4959991998
-33.9447889578
17.1602320464
-8.71874374875
-2.38287657531
-0.545209041811
-5.88807761552
-3.4673934787
-1.89377875575
-0.406781356274
-10.1694338868
-1.80586117224
8.05221044209
-21.1723344669
13.324464893
-11.6027205441
8.37917583516
-29.4951990398
27.0303060612
-22.9097819564
3.64102820563
10.5920184037
-5.71434286858
4.03780756151
2.64842968594
6.34066813362
-11.6442288458
0.270454090817
1.27465493099
-8.87287457492
12.599819964
-20.899979996
10.5029005801
-3.04670934186
-0.207541508305
-2.51610322064
-10.1109221844
21.4833966793
-25.5658131626
14.6236247249
-15.7892578516
-9.89637927586
8.41438287658
-3.58791758352
-4.92428485697
-2.84586917384
6.40078015603
-5.33706741348
-9.70334066813
16.550310062
-1.06261252251
-1.84046809361
5.94878975795
-8.41848369674
20.2351470294
-8.20304060812
14.7177435487
-4.40658131626
8.8151630326
-2.93208641728
3.53850770154
4.71694338868
-5.2274454891
-2.34056811362
10.2601520304
-10.9859971994
10.8147629526
-1.91988397679
-1.56651330266
0.37317463493
7.91098219643
-0.882376475289
-1.80836167234
5.70604120825
-6.19423884778
6.49639927986
-7.21524304861
12.099719944
-10.0814162833
15.0367073415
-25.1945389078
34.5
-28.8908781756
31.4457891578
-43.8402680536
34.0702140428
-30.8939787958
15.0703140628
-7.1026205241
9.7101420284
-4.17423484697
-3.1373274655
21.3960792158
-24.851170234
13.7222444489
5.28375675135
4.2698539708
-3.22644528906
3.67683536707
-7.5
-1.32516503301
5.32716543309
-13.4366873375
6.16343268654
-11.6537307462
6.39047809562
-0.749849969995
1.75155031006
-8.01480296059
2.57611522305
14.9041808362
-19.8035607121
14.8548709742
-6.41108221644
-2.71954390878
10.376075215
-10.3697739548
4.70294058812
-2.24164832967
16.7474494899
-24.924784957
19.3038607722
0.90698139628
-11.9952990598
13.0206041208
-8.0
5.8073614723
-6.56471294259
9.74294858972
-5.43208641728
16.800360072
-17.6530306061
14.9945989198
-15.6536307261
7.07091418284
-9.02430486097
-0.878475695141
17.0546109222
-7.05951190238
4.85627125425
-11.3207641528
4.9474894979
1.11842368474
-1.05731146229
1.0
-3.09141828366
15.899579916
-37.0120024005
19.8391678336
-18.1222244449
14.5442088418
-20.9387877576
12.825265053
-7.5900180036
15.7438487698
-5.39707941588
3.91648329666
4.10702140428
-2.87117423485
9.20894178836
1.82956591318
8.21174234847
0.0104020804149
7.57571514303
4.5950190038
-8.32736547309
18.3121624325
-3.9149829966
5.62942588518
-9.36647329466
11.1805361072
-3.53350670134
9.39577915583
2.60392078416
-8.70964192839
22.8290658132
-27.7977595519
28.374274855
-15.1931386277
8.81836367273
-6.59901980396
0.666733346668
5.674934987
-15.3578715743
29.1276255251
-20.5278055611
-2.71384276855
10.4646929386
3.89077815563
-4.76035207041
0.251350270053
21.125425085
-19.1556311262
21.199039808
-5.26095219044
11.8674734947
0.166133226646
2.5350070014
-0.232146429285
12.598819764
5.49589917984
1.83586717343
1.8849769954
19.7058411682
-16.50020004
15.4687937588
-22.5445089018
32.0649129826
-18.2455491098
13.9635927185
7.08811762353
-3.77065413083
14.1303260652
-2.62952590518
22.2906581316
-18.1817363473
29.373974795
-10.1960392078
14.7961592318
0.0127025405091
6.86407281456
7.07151430286
-1.50080016003
11.3177635527
-0.793958791758
23.5298059612
-11.9081816363
27.3388677736
-11.6721344269
24.5638127626
-10.8972794559
16.5608121624
-5.32466493299
20.0453090618
-10.5305061012
12.6923384677
2.08031606321
5.87237447489
22.3337667534
-11.1840368074
23.4101820364
-19.5525105021
42.649929986
-19.7691538308
22.4981996399
-9.55891178236
21.8480696139
2.55881176235
-11.6420284057
22.7783556711
-12.9818963793
24.7815563113
-10.1196239248
17.7375475095
7.0
0.232946589318
18.2052410482
-15.2018403681
24.9049809962
-1.37307461492
11.950790158
5.67203440688
-0.148529705941
17.0562112423
2.26935387077
18.3118623725
-8.44178835768
20.9449889978
-3.31856371275
20.7087417483
-6.20744148829
15.7623524705
9.49909981996
16.4038807762
-4.34916983398
16.6936387277
12.7672534507
4.34166833368
20.3324664933
-9.19193838767
20.2945589118
10.9416883377
-3.41228245648
18.2376475295
6.549709942
23.3146629326
-11.2987597519
25.1821364273
2.15573114625
-1.09881976397
30.374174835
-9.6296259252
20.2814562913
2.77445489098
0.0
12.6550310062
-2.18683736748
13.0349069814
-1.29675935188
25.2707541508
-14.4056811362
32.824664933
1.56421284257
5.08871774354
12.0137027406
5.70064012802
6.89637927587
4.2578515703
16.7643528706
-1.00590118024
-1.72574514902
35.4576915383
-18.2819563913
17.7858571714
15.5
1.85087017404
3.0
17.9125825165
4.36557311463
-1.64102820565
40.6055211042
-31.7536507302
34.6949389878
-2.32126425285
20.6648329666
9.30166033207
3.46689337868
-0.112422484494
16.1713342668
22.4636927386
-1.05961192239
17.225345069
9.89817963592
7.31376275255
9.11112222445
22.6368273655
-0.674534906977
14.8563712743
13.1580316063
8.61162232446
2.05181036208
9.1176235247
26.5972194439
-11.7317463493
37.3299659932
-8.55581116223
13.024004801
12.4238847769
19.0928185637
-0.330666133235
7.12032406482
22.174434887
-19.7323464693
31.3077615523
1.8698739748
10.4192838568
1.06561312262
19.0013002601
11.7724544909
-0.882976595314
35.3717743549
-1.77845569113
9.22974594919
-2.07331466293
27.7463492699
-2.94058811761
21.6340268054
12.5098019604
-1.66083216644
27.2845569114
-14.1101220244
29.6100220044
-4.67483496699
33.3609721944
-9.39297859572
33.9870974195
1.63192638528
18.1372274455
-2.09151830366
22.7678535707
0.280756151229
17.0276055211
9.48389677936
15.725245049
17.7796559312
3.40868173635
5.48399679935
30.0354070814
-3.26415283057
25.8469693939
-0.233546709335
12.8295659132
19.7969593919
-2.26595319063
26.8126625325
-10.0155031006
38.2669533907
-28.2559511902
47.5843168634
-11.5849169834
25.2214442889
-4.02480496099
25.2929585917
6.84346869374
10.2167433487
29.6459291858
0.302460492097
19.174934987
19.4486897379
-5.6227245449
28.149929986
6.49949989998
26.1528305661
-10.6399279856
25.8936787357
11.3658731746
-3.26875375075
54.8218643729
-16.0225045009
41.5606121224
-10.0
45.599619924
-7.75345069013
23.7285457091
14.0
2.62612522505
5.63962792558
17.4221844369
16.299259852
4.67423484697
18.3425685137
9.48029605922
11.4198839768
16.9157831566
19.2102420484
-2.91518303661
31.5896179236
-4.82356471295
26.6979395879
-4.13642728546
41.1388277656
-19.0188037608
39.0907181436
-2.24544908982
30.1738347669
7.13062612523
34.1635327065
-4.45889177835
24.1668333667
16.6043208642
10.4903980796
20.5164032807
6.70334066813
29.548909782
5.37767553511
16.1961392278
1.92658531707
17.3233646729
31.2487497499
-5.91928385677
38.8928785757
-12.5
44.6300260052
-10.2846569314
35.3336667333
8.42048409683
8.34516903381
14.7151430286
7.93798759752
4.71164232847
24.2648529706
7.3948789758
8.18793758751
12.7820564113
22.1207241448
4.21874374876
13.9905981196
14.549209842
0.472594518893
31.9666933387
-6.3445689138
15.4214842969
18.3586717344
9.13292658531
4.04090818164
16.5425085017
6.50400080016
-0.886177235457
26.5554110822
4.49929985997
2.32226445289
25.0773154631
-0.83316663333
17.1626325265
-10.0810162032
39.4807961592
-7.30726145229
24.2826565313
-5.23934786958
22.7371474295
0.446689337869
19.6877375475
12.5036007202
12.5282056411
20.1570314063
7.54330866174
10.925785157
8.99099819964
17.1625325065
17.4518903781
7.04860972195
14.8820764153
10.6323264653
17.0834166833
17.0087017404
-4.40048009602
21.5778155631
2.5074014803
30.8617723545
-10.5846169234
32.399879976
-10.1925385077
30.2693538708
-0.61572314463
5.39217843569
15.523704741
16.0379075815
10.7623524705
13.698839768
7.5850170034
9.29935987198
18.5014002801
-5.29265853171
24.1929385877
-2.42138427686
29.4769953991
-3.72884576916
27.1480296059
0.990498099623
-0.0608121624318
25.8437687538
-7.4951990398
24.8735747149
1.74184836968
10.8421684337
5.13562712541
11.6903380676
2.27845569113
15.5541108222
16.4072814563
2.22194438888
11.3069613923
16.349169834
8.57381476296
6.50480096019
11.8657731546
11.8864772955
3.74684936987
14.5533106621
7.51410282057
-0.616323264652
15.6940388078
11.0213042609
-6.81256251251
16.225345069
19.7972594519
0.958091618326
3.00330066013
2.54300860172
25.4603920784
-7.97089417883
33.8905781156
-15.4473894779
18.2694538908
8.60642128427
13.2064412882
-0.704340868167
25.6069213843
3.07421484297
9.21784356872
9.41148229645
13.0641128226
12.1075215043
11.4976995399
11.699839968
9.73584716945
9.52430486098
5.32436487295
14.2550510102
3.18533706739
10.1424284857
10.0086017203
7.58861772355
11.2054410882
1.59941988398
25.0
-0.195139027805
8.20554110822
-0.287157431485
20.2234446889
1.68113622725
16.7032406481
1.64512902581
16.9265853171
0.102220444091
7.22584516903
-0.000400080015879
7.64452890577
18.6597319464
1.16633326666
7.15803160632
9.65723144629
15.0534106821
0.433886777347
4.84466893379
27.2712542508
-9.99419883977
25.526205241
-14.173734747
34.3165633127
-18.25085017
33.6571314263
-26.2636527305
31.5028005601
-1.43028605721
8.55921184236
-2.46449289858
14.3945789158
0.318563712749
6.7704540908
13.8082616523
3.6200240048
0.796359271855
32.7185437087
-27.7164432887
24.8621724345
-1.34776955391
2.13502700539
-9.6126225245
14.5693138628
5.24214842969
-2.62212442488
13.0
-1.99969993999
12.6579315863
-0.880276055223
3.20504100821
-0.45279055813
13.1915383077
-1.54510902183
13.2529505901
1.91318263651
12.9601920384
-8.64672934588
12.2952590518
-0.512702540505
5.46469293859
2.93668733748
5.51920384076
12.7287457492
-15.624524905
32.5841168234
-9.3149629926
14.8795759152
2.0525105021
-7.13442688538
4.45409081816
14.9411882376
-15.4778955791
18.8039607921
8.3224644929
-12.9761952391
3.24544908982
5.40758151631
-5.81386277256
20.2600520104
-3.17133426686
3.30956191239
-12.9966993399
23.2164432887
-10.9342868574
4.70614122826
2.87917583517
-2.53090618124
-1.81596319264
21.6092218444
-19.2338467694
23.0060012003
-12.9555911182
18.5099019804
-25.0455091018
23.9325865173
-8.8474694939
0.193738747758
11.874374875
-8.92108421683
8.56211242248
-2.61312262452
10.3269653931
-16.0153030606
13.4128825765
-4.97819563914
-1.01170234047
2.48279655931
-1.45559111823
-0.185537107413
-10.9468893779
11.4594918984
-12.9613922785
-7.29355871174
1.33696739347
-4.91558311661
-10.0858171634
8.47459491898
-18.0653130626
2.45469093818
-5.55571114223
1.53350670134
-5.63952790558
6.55331066215
-20.5304060812
9.18113622725
-12.8597719544
-2.7849569914
-3.95479095819
1.33456691338
-11.0620124025
-1.94738947793
-3.55591118223
-11.4370874175
26.5716143229
-18.476195239
6.83746749349
-12.4439887978
1.37937587517
-14.650230046
20.5290058012
-20.4462892578
-3.12582516504
4.7374474895
-10.9835967193
-11.324664933
16.9875975195
-14.6629325865
10.3549709942
-3.71474294859
-8.38147629526
-5.41328265653
10.5558111622
-17.2904580916
3.29195839168
-2.4401880376
3.00270054011
-4.98779755949
13.8281656331
-20.8074614923
-0.173734746951
4.56161232248
-5.64272854571
-6.0453090618
5.74734946989
-14.5964192839
-3.33696739348
-0.316363272669
-7.4175835167
-0.317063412696
-8.09311862372
9.03720744147
-28.2484496899
15.4518903781
-25.0211042208
11.6724344869
-12.2207441488
-4.95869173835
-1.88857771554
-9.35397079417
8.47329465894
-26.5513102621
8.93418683737
-20.0879175835
8.04700940189
-17.2271454291
4.97169433887
-1.88417683537
-16.7566513303
16.474694939
-28.7098419684
14.9216843369
-7.12232446489
-6.17363472695
-8.13412682536
0.272154430877
0.967693538711
-17.2639527906
9.57041408282
-16.8894778956
2.28455691138
-9.73204640928
-11.1845369074
6.51920384077
-8.31376275255
-13.0195039008
-4.03880776155
-6.35107021403
-10.2429485897
1.11582316464
-3.71224244849
1.4023804761
-8.67383476695
-1.3073614723
-19.9382876575
7.89807961592
-14.8570714143
-0.187737547502
-10.3836767353
1.89887977596
-11.8543708742
-13.549709942
4.43178635727
-12.2938587718
-7.03730746149
-11.8614722945
-0.800660132025
-6.98939787959
-2.19933986797
-6.56281256252
-12.4940988198
-7.67443488698
9.10512102421
-18.8533706741
1.50730146029
8.20094018804
-20.6894378876
-0.620724144826
-7.32436487298
-3.17343468693
-10.8227645529
20.1622324465
-38.3444688938
10.0474094819
-7.23404680936
-8.28675735148
-6.54690938188
-4.35877175435
-3.24804960992
-15.5488097619
13.7292458492
-25.0687137427
2.18203640728
-9.3177635527
-1.74034806962
-4.53980796159
-10.6338267654
0.201540308061
-10.3568713743
-1.51090218043
-14.2785557111
2.39667933587
-20.149529906
0.876775355072
-11.1129225845
9.75285057011
-16.4340868174
9.32086417283
-18.8108621724
-2.54050810163
0.488797759552
-7.60902180436
14.8604720944
-33.1841368274
33.9388877776
-34.7919583917
33.0118023605
-35.299559912
17.4166833367
-21.4923984797
6.87427485497
-11.3349669934
-5.08171634327
-0.896679335868
-9.05591118224
0.518303660723
-13.7642528506
-2.19523904781
-0.354570914183
-16.3457691538
8.21384276855
-17.3428685737
6.41048209642
-15.7171434287
10.1452290458
-21.1085217043
20.1432286457
-21.3892778556
9.28115623125
-15.8672734547
9.33766753351
-16.3387677535
4.50280056011
-12.0919183837
9.15673134627
-17.5907181436
13.0920184037
-24.4407881576
17.8017603521
-36.5801160232
29.5
-29.3361672334
14.6533306661
-15.0124024805
2.73654730946
-6.74424884976
-3.84826965393
2.75275055012
-13.1018203641
9.79855971194
-17.5110022004
3.22814562913
-11.7797559512
-6.58861772355
1.54770954191
-2.15803160632
-5.67923584717
0.0203040608167
0.674834966993
-12.4151830366
3.51030206041
-5.71604320865
3.15443088618
-7.5174034807
-4.7324464893
4.49049809962
-15.824764953
8.90398079616
-13.0426085217
6.29055811163
-4.15383076615
6.099719944
-11.5383076615
-8.86917383477
-5.23114622925
2.42938587717
-16.476095219
3.64432886577
-8.54900980196
0.281356271251
-2.95169033807
-5.07161432286
6.73344668934
-20.0667133427
5.25195039008
-12.4734946989
-2.50850170034
-8.05911182236
-6.08361672335
11.2556511302
-12.1073214643
5.96969393879
-8.33276655331
5.51390278057
-11.1821364273
-4.43938787757
-0.802160432087
-3.00200040008
5.53800760152
-14.6878375675
5.60032006401
-9.23214642928
5.88077615523
-10.4645929186
10.7686537307
-16.0915183037
6.5076015203
-4.5
-7.5049009802
-8.45799159832
0.649629925985
-4.38867773555
-5.38927785557
8.55411082216
-3.82176435287
-0.888877775555
-1.0
0.0
-10.2640528106
7.54410882177
-11.1172234447
5.77545509103
-3.45769153831
2.44558911783
1.14292858572
-8.31786357271
9.35307061412
-10.2543508702
2.31296259252
-4.97689537907
-3.0
9.20574114822
-18.0693138628
13.0
-25.3662732547
13.400180036
-22.0698139628
22.3870774155
-15.7689537908
5.01770354072
1.72124424885
-5.92308461693
-4.0975195039
7.10452090418
-4.38277655531
-1.66973394679
7.0
-5.43588717743
-3.49639927986
-2.31606321263
1.01020204041
-14.9903980796
15.6523304661
-7.29305861172
2.56771354271
-14.5913182637
12.9514902981
0.144328865757
5.91828365673
-2.57341468295
-5.74064812963
6.950290058
-8.38307661532
1.36217243449
6.0975195039
-1.17443488697
3.1899379876
-6.47229445889
2.80736147229
-2.86427285457
5.87477495499
-0.960492098418
-4.03280656131
25.0134026805
-21.0524104821
12.7138427686
-0.0712142428479
-1.33186637327
-6.87777555511
9.35957191439
4.56851370274
-20.4526905381
20.9902980596
-13.5821164233
-4.60142028406
26.5916183237
-21.0643128626
7.95289057812
-9.63582716543
33.2637527505
-35.0979195839
43.6484296859
-20.650430086
19.276355271
-11.9594918984
12.5350070014
-8.13972794559
13.8265653131
-4.21894378876
-1.8401680336
10.4029805961
-1.81936387277
-0.719043808761
9.23434686938
7.63852770554
-10.5079015803
4.21724344869
8.01580316064
-13.6078215643
20.7845569114
-14.325765153
24.0
-20.5341068214
22.3644728946
-4.60892178436
6.60112022404
-7.83526705341
0.901480296051
-1.47679535907
-5.75935187037
9.16063212643
-11.8733746749
12.9576915383
1.59421884378
-9.12402480496
21.5773154631
-20.6937387478
8.61702340468
-6.21194238848
13.0337067413
-11.1964392879
3.83466693338
14.525105021
-24.9932986597
27.5402080416
-24.1824364873
23.325665133
-4.59851970394
15.0595119024
-8.40708141628
17.4219843969
6.21274254852
-1.99309861972
10.2597519504
2.47089417882
-1.84046809362
18.5578115623
-7.81236247249
11.5916183236
-3.60122024404
19.7861572314
-13.8704740948
16.4036807361
4.64372874576
8.75635127025
-2.0
-0.886577315459
5.58371674335
0.166633326679
8.21324264852
-18.025205041
11.3591718344
3.19543908783
-3.67823564713
13.1905381076
-5.02930586117
-1.45599119825
6.24414882977
-1.99179835968
4.45119023805
0.495699139823
11.2160432086
-6.07821564312
11.225745149
4.89697939588
4.15213042609
1.64412882576
2.6826365273
15.5577115423
-9.69333866773
23.8192638528
-6.18433686736
7.36297259451
-7.45179035807
10.4290858172
-2.1223244649
7.1474294859
4.21874374875
6.3849769954
-11.7986597319
13.4465893179
-1.77825565113
7.23154630927
-1.36037207442
13.0290058012
-13.9378875775
3.68143628727
0.263952790549
2.04350870176
6.925185037
-1.07761552309
-4.87567513503
3.41868373676
-1.73454690938
9.48329665933
-10.7825565113
18.9792958592
-0.0204040808085
2.88077615521
15.9467893579
-3.03940788157
7.3475695139
-2.75135027006
13.0
-1.76445289058
8.01290258051
18.2962592519
-12.5831166233
22.6326265253
-16.0400080016
20.7430486097
-18.8075615123
17.9225845169
0.453990798158
13.2702540508
-17.8449689938
14.7914582917
0.942888577709
0.0897179435997
-9.61142228446
20.4470894179
-22.8427685537
5.90168033606
9.88967793559
-12.8632726545
8.04300860172
5.81826365272
1.05621124225
-0.787357471496
15.6448289658
-7.14792958592
2.70574114823
4.54430886177
-5.48619723945
2.21614322865
8.83976795359
-3.16983396679
7.91218243649
1.449989998
6.61792358472
-2.55441088218
7.34846969394
-0.5
8.7798559712
6.3204640928
2.72954590919
-0.412882576521
17.5786157232
-18.5828165633
26.4895979196
-18.0
15.023704741
-5.88947789557
20.5
-21.7115423084
26.5286057211
-11.7404480896
4.28565713142
5.15053010602
-6.29225845169
7.43878775754
8.56961392279
3.70434086815
-12.2692538508
19.9968993799
-3.60872174435
-4.18673734746
15.2033406681
-13.5719143829
7.73374674935
-14.5957191438
20.0623124625
-20.2801560312
19.1338267653
-8.42858571713
10.8609721944
-7.74794958991
8.20654130826
1.23224644931
11.7297459492
-9.51700340068
8.68473694739
6.66653330666
1.25655131027
5.89487897579
8.00080016003
-9.44338867774
7.13572714543
20.9657931586
-20.6089217844
23.4941988398
-0.380576115226
0.660532106431
0.583416683329
-4.12052410481
9.33486697339
-5.150130026
13.1527305461
-22.0727145429
17.1438287657
-2.17833566713
-4.85667133426
13.3524704941
-4.36527305461
3.41638327665
3.46419283857
0.400680136006
7.34776955392
-1.44088817765
4.61142228446
0.586817363448
1.71624324866
3.40588117623
4.76095219044
7.23134626925
-11.1581316263
7.72174434887
6.06291258252
-9.55351070215
16.7713542709
-10.4344868974
14.4112822565
-1.35787157432
3.71284256852
4.8082616523
-2.70814162832
3.41538307659
-6.79405881176
12.3176635327
-13.5098019604
13.7025405081
-13.3974794959
18.3907781556
-17.3825765153
11.8916783357
4.37347469494
7.40008001601
-15.2018403681
8.68603720744
18.7283456691
-18.4976995399
18.9680936187
9.62312462491
-0.0120024004805
4.7522504501
9.51110222044
-0.879175835173
10.3403680736
3.98139627927
-12.5639127826
7.17613522705
-5.30306061213
3.74524904981
-3.77605521104
15.2486497299
-19.7402480496
14.2896579316
2.85207041409
2.02410482095
6.32926585317
1.80316063212
2.56531306261
-4.78745749149
10.7079415883
-9.36567313463
5.19283856771
10.4962992599
-21.2895579116
16.5031006201
-12.9232846569
10.899579916
-15.2350470094
26.6275255051
-24.4164832967
18.7883576715
-5.88077615523
12.9691938388
-5.98459691938
5.47319463892
-3.26955391078
6.36997399478
2.59151830366
-9.6146229246
12.4482896579
4.11732346467
-11.3360672134
6.1127225445
-2.80126025205
4.80276055209
-19.6940388078
19.5
-12.2348469694
5.61252250451
-14.7616523305
25.5021004201
-21.9811962392
19.0036007201
-6.85517103421
13.4869973995
-10.8650730146
16.0169033807
-11.9032806561
-3.17833566713
8.58931786357
-19.4268853771
22.7652530506
-23.4087817563
14.99919984
-9.02220444089
7.49429885978
-6.76795359074
-13.650430086
24.4414882977
-22.2033406681
9.99549909983
-9.6976395279
6.37947589517
-9.68573714743
19.2342468494
-16.8659731946
9.9048809762
1.57281456291
-2.59411882377
-12.4461892378
10.9420884177
-2.45299059812
-5.09051810362
13.3885777155
-3.9471894379
-3.0
-1.63422684536
8.5276055211
-7.25795159032
-18.3047609522
13.0
-3.70324064813
-9.12582516504
0.420284056812
6.16453290658
-3.30596119224
3.30476095219
4.59411882376
-16.5
12.3567713543
3.65883176635
-3.88877775555
1.64582916584
1.70704140828
8.0
-16.2334466893
24.7331466293
-24.1475295059
31.0476095219
-25.0
5.97039407882
-7.43628725745
12.1377275455
-17.9644928986
14.9441888378
-15.6818363673
10.3207641528
-1.40078015603
3.95089017803
-21.9132826565
13.7178435687
2.30276055211
-17.9535907181
8.7650530106
-4.40618123626
-2.6051210242
-4.53410682137
5.57771554311
-0.0725145029037
5.52040408082
2.00450090018
3.47849569914
10.048909782
-29.6039207842
22.9170834167
-2.38917783557
-0.641328265651
-13.5889177836
26.24984997
-16.9020804161
10.4937987598
-9.11812362473
9.62672534507
-14.7423484697
16.0872174435
-14.3596719344
15.2482496499
3.84086817364
-11.4943988798
1.27335467094
0.492998599702
15.7715543109
-25.1923384677
24.2404480896
-13.4427885577
11.1623324665
-4.05741148229
9.25305061012
-10.4883976795
4.86367273454
3.92778555711
-16.9215843169
19.3630726145
-11.8421684337
1.93238647729
-1.67613522705
10.3361672334
-18.4994999
23.0549109822
-2.84306861372
1.55071014203
11.1083216643
-7.53400680136
1.83016603321
-1.79825965193
6.1949389878
-28.2689537908
35.8796759352
-19.2588517704
0.608621724346
-0.732646529297
10.724144829
-22.774154831
20.4772954591
-14.7087417483
2.07551510302
3.30516103221
-4.92078415683
0.157231446291
3.58941788358
19.1673334667
-26.824164833
35.6327265453
-13.8264652931
9.44728945789
-7.75375075015
4.48619723945
-0.550710142028
-6.8523704741
10.1692338468
-21.899879976
29.475195039
-33.9220844169
18.7135427085
-10.5440088018
10.2933586717
3.36217243448
-8.79695939188
11.6789357872
-5.89957991599
7.78185637129
0.306861372272
10.1528305661
-6.25795159032
6.76515303062
13.8663732747
-18.6125225045
14.2522504501
17.8940788158
-27.1879375875
20.9850970194
3.27215443089
-6.10172034408
0.647129425888
16.0472094419
-13.0580116023
5.19813962793
17.1014202841
-20.1878375675
14.3282656531
-2.69603920785
-9.1549309862
-1.65883176634
8.83936787357
-15.8769753951
10.7143428686
10.2931586317
-20.6621324265
15.6713342669
-2.94128825765
3.58841768353
10.6634326865
0.905981196229
-2.87117423485
7.76405281057
9.0151030206
-8.57711542308
14.4316863373
-1.87427485496
0.888977795557
7.45999199842
5.58851770354
0.273654730953
8.07771554311
8.23534706941
-12.9902980596
10.1208241648
-6.60092018404
5.20734146828
-9.3599719944
13.0462092418
-17.5686137227
15.0213042608
-14.399179836
18.4012802561
-11.4517903581
4.03260652131
-14.2158431686
16.6717343469
-11.6432286457
6.96989397881
-5.89387877576
21.7575515103
-21.2289457892
8.69163832768
2.44078815763
-1.56071214243
12.8073614723
7.62002400479
0.773554710943
-4.73514702941
15.551010202
-2.01820364074
-4.98089617923
9.99099819963
-5.95979195839
5.98159631926
-3.65523104621
13.8830766153
-20.5837167433
15.0983196639
-7.74084816963
12.4970994199
-12.924984997
8.17383476695
-6.36417283457
6.06581316263
-18.6388277656
27.9737947589
-17.1020204041
-3.74734946989
20.8410682136
-13.9187837568
-3.66543308662
9.63612722545
13.4406881376
-20.0718143629
14.8544708942
1.19233846769
14.7410482096
-7.66923384677
8.95889177836
-3.04870974195
14.8588717744
-8.63092618523
4.58441688338
11.8671734347
-1.9848969794
11.0391078216
-1.19543908782
8.69433886776
-10.1176235247
30.8878775755
-15.923784757
3.5025005001
4.98919783957
15.5052010402
-16.6323264653
11.9451890378
10.2358471694
0.252750550113
2.26355271054
10.2357471494
0.118223644728
-3.14812962592
21.0290058012
-0.256951390282
-4.78535707141
6.93448689738
13.0789157832
-13.4950990198
10.9962992599
-4.16373274655
17.3586717343
-10.3077615523
18.9552910582
-7.52680536108
4.73764752951
14.6580316063
-6.37537507501
9.10952190438
0.202940588118
18.7095419084
-4.8100620124
19.9348869774
-8.9349869974
15.2062412483
5.12542508502
6.64212842568
0.145529105812
3.23554710943
15.2091418283
-2.23274654931
7.04430886176
3.06021204241
16.0399079816
-4.04460892179
7.36917383477
-1.66213242649
9.92588517704
0.91368273654
-0.783656731335
10.8703740748
2.70194038808
1.16053210642
1.17333466694
12.1045209042
-3.45159031806
9.89117823565
5.33096619322
1.4822964593
14.1467293459
-1.84616923384
11.0131026205
-2.49909981996
18.2958591718
-9.77995599119
21.8019603921
-0.780256051211
9.52860572115
12.2714542909
2.0275055011
11.7219443889
-7.27555511103
16.5399079816
-7.41638327666
11.900980196
4.57211442288
-1.38597719543
11.3630726145
1.61142228445
-3.45599119824
8.06421284258
12.1547309462
-3.63902780556
4.41588317663
3.60822164433
11.8724744949
-14.0612122424
18.425185037
-9.55931186237
15.4272854571
-1.42718543709
8.52280456093
14.2576515303
-0.391678335665
10.0177035407
6.26065213043
13.375775155
-8.50690138029
18.7115423085
15.5671134227
-12.9949989998
12.9457891578
10.3711742349
11.776355271
-9.89167833566
13.7882576515
7.78585717143
4.65183036607
-3.36817363472
21.4474894979
-2.71264252851
1.98809761953
14.1849369874
7.55091018204
-5.85907181436
6.91318263653
5.94458891779
-2.33526705342
0.502300460094
12.3019603921
-1.44158831766
17.1459291858
-8.2575515103
9.37147429487
5.31316263252
4.02910582118
-0.050110022009
2.96539307863
3.13842768554
-0.822864572925
2.15363072615
6.18673734746
-0.458191638323
18.0117023405
-7.37817563513
5.51930386077
-5.9324864973
9.83676735347
-0.436387277456
5.37527505501
-2.5
6.45859171834
-3.03660732146
6.08091618324
-9.92398479696
19.4128825765
-0.115823164636
-5.6648329666
5.72374474895
4.11012202441
2.28085617123
-0.246549309853
5.85207041408
-7.8951790358
10.4171834367
-8.40668133626
17.6810362072
-11.3873774755
23.2231446289
-0.739647929588
0.258551710343
-0.5
6.15913182637
-0.0422084416837
-6.98159631927
4.87167433488
8.38707741548
9.73424684937
6.36727345469
-4.96809361872
2.01100220044
15.1776355271
-2.84786957391
15.5
-1.48369673935
-3.42838567713
11.8402680536
-4.97799559911
13.824764953
-8.1526305261
8.78055611122
-1.93108621724
8.16553310662
2.83426685336
-5.77675535107
7.95219043809
-12.9945989198
-3.27805561111
-5.22134426886
3.08331666334
10.4929985997
-0.450590118023
-1.16683336667
1.34006801361
8.55271054211
-5.12092418484
2.20714142829
4.97599519903
1.49549909982
-1.48169633927
1.94028805761
1.61042208441
0.879275855175
5.25805161032
-3.67393478696
4.03270654131
12.2458491698
3.6476295259
-5.69833966793
8.18773754751
-4.01540308062
-12.7384476895
2.85687137428
6.8799759952
-8.63862772554
11.2968593719
-4.92938587717
0.0754150830162
-1.5975195039
0.912982596512
-4.44598919783
9.86227245448
-3.68933786757
-4.40148029606
7.36207241449
1.26175235046
-9.44208841768
1.93668733746
-3.04550910182
0.972994598917
4.23954790959
3.47449489897
-8.31306261252
9.32216443288
-0.299659931984
1.51310262052
-0.608521704342
6.40868173635
0.969093818762
0.558811762356
4.89787957591
0.496499299861
3.5301060212
1.77125425085
8.86447289458
-5.30116023205
3.69203840768
-1.44498899781
1.49689937988
-6.92448489699
2.6425285057
-4.34926985397
1.93788757752
3.35447089417
0.224744948991
4.38697739548
-0.877975595118
2.64722944589
-2.34966993399
11.025705141
-22.9189837968
12.1442288458
-12.4960992198
11.948989798
-1.34636927386
1.87697539508
-1.87307461492
4.89227845569
14.2819563913
-12.7303460692
4.29025805162
2.28405681135
-12.2976595319
0.582116423284
6.68563712743
-6.81116223245
-6.10522104421
-1.98399679935
-4.5350070014
-5.26995399079
0.863972794559
-4.85627125425
-7.42428485697
1.96609321864
-11.8326665333
-5.36087217443
-2.0
-11.2402480496
-8.88347669534
-1.94198839768
-3.57391478296
-6.11702340468
-8.68533706741
0.5
-10.524604921
-0.875775155031
-5.22224444889
-10.1165233047
-5.91198239648
-17.8705741148
-8.25555111022
-3.69663932786
0.610922184436
-10.3184636927
3.12302460492
-7.64282856571
-3.81866373275
-6.21984396879
-3.09331866373
-15.0781156231
-3.01890378075
-16.75045009
-8.41238247649
-8.82946589318
-9.79045809162
-7.51930386078
-6.27305461092
-9.92098419684
-14.1426285257
-0.968193638727
-7.77955591118
-7.30716143228
-2.81076215243
-7.03280656131
-4.16213242648
-4.52610522105
-6.50970194039
-8.48499699939
3.02280456091
-6.48659731946
-0.281656331266
5.9423884777
-8.85397079416
-5.26525305061
1.81146229246
-7.02980596119
-6.01440288058
8.24984997
-9.46419283857
-4.90418083616
3.90188037608
-9.20634126826
-5.88647729546
6.59081816364
-7.15413082617
-12.0465093019
1.45619123825
-11.2516503301
-6.9375875175
-1.16283256652
-0.862972594518
-3.49439887978
-3.25065013002
4.79295859172
-9.35297059412
6.89767953591
-6.77865573115
4.24024804961
-3.84276855371
-4.96669333866
6.25215043009
0.649629925983
0.0
0.224744948991
7.78295659132
-1.96539307862
1.31066213243
3.2651530306
-1.71054210842
-2.26805361072
2.31666333267
-8.32096419284
-1.03370674135
-0.971594318865
-2.149929986
0.735347069412
1.5
0.0746149229835
-2.17233446689
2.10152030406
-4.82836567314
-2.3624724945
0.421584316863
-8.9974994999
1.12602520504
1.11172234447
1.09521904381
0.150230046007
7.20934186838
-0.294058811771
0.600820164034
4.71814362872
0.495099019803
-3.76575315063
0.0
1.30426085217
0.0
-0.268553710742
-2.38797759552
-3.38127625525
-3.56021204241
1.56791358272
-3.27315463093
-0.45829165833
1.63652730546
-3.8025605121
-4.76605321064
-3.19293858772
-1.68273654731
-2.61142228446
-0.343068613722
3.61232246449
-0.576315263052
4.67933586717
-0.411882376476
1.67573514703
-2.85797159432
-0.654430886178
-0.29825965193
-3.05981196239
5.14302860572
-6.75125025005
4.70354070814
-3.05061012203
1.64232846569
1.01100220044
-2.52090418084
-3.73184636927
-6.41378275655
-3.32466493299
-9.54370874175
0.203640728148
0.613322664532
-8.07181436287
2.0
-0.32976595319
-1.6625325065
-1.11292258452
1.20574114823
-2.70914182837
-1.92068413683
-1.5
-1.19183836767
-1.22844568914
3.69953990798
0.233046609324
3.12172434487
0.922184436887
-0.289657931586
3.71844368874
5.44908981796
4.97649529906
1.26965393079
-0.0474094818974
-1.71414282857
-0.0243048609732
-4.03400680136
-4.99719943989
-0.753450690138
-2.95619123825
-2.11152230446
3.0
1.15083016603
-6.95459091818
1.22344468894
-2.84796959392
-7.12682536507
-0.038107621524
-3.45629125825
-2.22904580916
-1.19863972795
-0.28595719144
-5.61472294459
0.632726545311
1.26025205041
-4.36217243449
0.32276455291
-0.923384676936
0.160932186437
0.662732546511
0.323664732947
-3.0399079816
5.5376075215
-1.40168033607
-0.853570714143
-0.5
-0.222544508902
-3.53950790158
2.02410482096
1.35977195439
-1.0
0.977895579117
-1.11562312463
-2.36177235447
1.78415683137
-0.708141628326
-1.5
-0.11452290458
2.48229645929
-4.64532906581
-1.00890178036
-4.84516903381
-4.61692338468
-5.20694138828
-0.70824164833
-3.18443688738
-1.75315063012
-2.73144628926
-3.0
-5.20064012803
-2.26845369074
1.5
-1.38417683537
-1.28475695139
-3.06181236247
0.88527705541
1.86077215443
0.846769353872
1.40698139628
-2.4300860172
3.0
-0.277655531108
-0.000200040009076
-2.75375075015
-0.515203040608
-1.23854770954
1.46939387878
2.23084616923
0.0690138027603
0.223144628926
1.06141228246
-2.43088617724
-0.115223044609
-0.5
1.90778155631
1.69983996799
-1.05381076215
1.38467693539
1.5
2.63072614523
-1.22314462893
1.06161232247
2.73074614923
-0.830766153231
7.32306461292
2.83846769354
2.0
1.53850770154
2.49989998
-2.52290458092
-0.14632926585
2.58471694339
0.922884576916
0.738547709541
0.123124624924
1.00790158032
-1.63082616523
0.615323064613
-0.722944588919
1.78475695139
-1.85377075415
-1.30016003201
0.807861572313
0.276655331066
1.66163232647
-1.0774154831
4.33066613323
0.153630726145
1.17703540708
1.22354470894
0.130526105222
-0.122824564913
-0.962192438487
4.8925785157
-0.79915983197
4.09201840368
5.70784156831
0.538307661533
-0.5
-1.09181836367
-1.16973394679
1.93128625725
-0.461892378475
0.939187837568
1.30676135227
4.5
2.23904780956
0.500400080016
1.73784756951
-0.476295259053
4.21474294859
1.54680936187
3.96109221844
4.0
5.0
4.53100620124
4.85457091418
2.4225845169
4.5851170234
3.45359071814
4.30026005201
4.0
4.19203840768
0.370874174831
4.05301060212
1.13902780556
3.79345869174
0.768353670736
5.83106621324
1.00950190038
1.6775355071
0.5
0.846469293859
3.09871974395
6.9374874975
2.5401080216
2.08561712342
7.1899379876
2.60872174435
5.63602720545
7.36817363473
5.28675735147
1.7699539908
4.80586117224
5.07071414283
1.91388277656
7.40228045609
4.19153830766
4.59191838368
9.01420284057
1.0
4.16073214643
5.5
4.35467093419
2.27525505101
4.5
2.07221444289
0.536307261454
1.0
1.70044008802
0.182836567314
1.70814162833
3.3099619924
1.13662732547
4.0
2.11772354471
-0.886977395477
3.5
4.42548509702
2.56631326265
5.01440288058
4.48659731946
4.99899979996
3.73694738948
5.02460492098
3.97589517904
6.93638727746
9.80926185237
3.07081416283
8.55491098219
8.53130626125
6.85937187438
8.0
7.79285857171
9.40658131626
8.69943988798
9.16323264653
5.11652330466
6.87577515503
3.31596319264
0.569813962792
1.29465893178
2.6899379876
3.66863372675
4.91478295659
3.5
6.90708141628
3.15323064613
6.5975195039
3.0
3.824964993
2.55131026205
3.61602320464
2.86987397479
2.62882576515
3.75515103021
3.63142628526
4.22944588918
3.63912782557
5.96489297859
0.853170634127
4.90068013603
4.0
2.18323664733
3.33776755351
3.83216643329
5.82026405281
6.92378475695
6.3223644729
5.56851370274
5.55601120224
6.0
6.5
3.55311062213
4.59851970394
5.0
3.12532506501
4.66063212642
1.70314062813
1.9399879976
2.10462092419
0.0892178435715
3.92618523705
-0.485397079416
1.52150430086
1.98619723945
1.50610122024
0.00160032006352
-0.527905581113
2.51700340068
3.0
4.0
3.68983796759
1.07171434287
1.5
2.46839367874
2.42908581716
4.0
1.87947589518
4.81196239248
3.6948389678
2.21884376875
2.30856171234
5.25035007001
6.1325265053
3.0701140228
4.29585917183
3.68873774755
3.0
7.32896579316
4.17873574715
2.77965593119
3.61172234447
5.19723944789
5.06431286257
3.10862172434
2.8624724945
2.7673534707
6.37017403481
5.50390078016
6.75575115023
5.02690538107
6.27115423085
5.72114422885
6.32016403281
4.58851770354
5.30196039208
3.0
6.0
1.650130026
4.33276655331
2.0
1.0
2.28825765153
4.06821364273
2.7425485097
5.36307261453
7.0800160032
6.84156831366
4.0
5.09021804361
4.9174834967
4.92518503701
3.43288657732
4.02970594119
5.0
1.97799559912
2.0
4.02860572115
1.47909581916
3.50660132026
3.74174834967
4.99669933987
3.98019603921
2.03520704141
3.26265253051
6.9174834967
6.08141628325
9.33056611322
7.33416683337
5.46809361872
5.14302860572
3.5
3.46729345869
4.81076215243
3.39767953591
2.1650330066
1.69113822765
3.56271254251
1.0
5.28875775155
3.64852970594
1.42188437688
3.16393278656
4.32836567313
4.01900380076
1.59351870374
1.0
1.5
1.36957391478
0.435687137426
2.72554510902
0.616623324665
1.12952590518
4.37837567514
2.63452690538
3.73594718944
1.22824564913
3.13972794559
4.60642128426
3.29485897179
4.6051210242
3.03460692139
-0.408981796359
1.5
-0.0833166633329
0.0
1.0
1.64352870574
0.29625925185
2.25625125025
0.439787957591
1.30636127225
1.8949789958
1.39597919584
2.0
-0.163832766553
0.925785157031
2.13302660532
0.0588117623538
0.224444888978
0.956591318263
1.76785357071
1.48599719944
-0.479695939188
0.0126025205045
-0.00980196039382
-1.0
0.74474894979
1.0
2.47409481896
4.0
2.5826165233
2.95099019804
2.44328865773
2.56441288258
2.71394278856
2.07981596319
3.4124824965
-0.809561912385
1.60292058412
0.889377875576
-0.690838167634
0.0
-1.2674534907
0.141428285657
1.47369473895
0.843168633728
2.49679935987
0.827765553111
1.0
0.0
2.0
4.79695939188
3.28925785157
3.78155631126
3.91078215643
5.23384676935
5.61232246449
3.75075015003
6.86457291458
6.52930586117
4.61382276455
3.2800560112
2.31836367273
2.09091818364
2.20474094819
0.53370674135
1.5
-1.18433686737
1.58301660332
-1.64582916584
-1.5
-1.5
-1.4323864773
-2.5
-1.5599119824
-0.0818163632721
-0.656631326267
-0.104920984195
1.5
-1.16263252651
-2.5
-0.368173634724
3.38357671534
1.60102020404
0.5
3.80266053211
1.01370274055
1.46059211842
-1.47599519904
0.995699139827
1.49659931986
0.733346669334
0.518803760751
2.02650530106
0.982896579316
-0.229045809162
1.45039007802
-1.05731146229
-0.9674934987
3.07271454291
-1.41958391678
-1.88217643529
0.356271254251
-1.09471894379
0.388777755552
0.881076215244
1.5
2.23134626925
3.64202840568
2.67513502701
1.73614722945
1.3325665133
2.32716543309
3.29865973195
1.87647529506
0.891878375674
1.69453890778
2.78865773155
4.39047809562
3.5
3.61722344469
2.5
2.5
2.5
1.76525305061
-0.113522704542
-1.85967193439
1.3174634927
-0.0559111822377
0.794358871776
3.5
3.18083616723
5.0
4.66543308662
3.01340268054
3.0
2.03650730146
0.932686537307
1.62692538508
0.119223844769
1.0
2.44808961792
1.20194038808
4.0
1.0
0.963492698539
1.78265653131
1.11522304461
4.450090018
1.0
0.80176035207
1.0
2.75955191038
2.01140228046
2.24444888978
1.99599919984
2.51170234047
0.0
2.47289457892
-0.895579115824
0.27125425085
-0.550210042007
-0.0579115823166
0.0656131226242
-0.786657331466
3.83796759352
1.11692338468
0.644628925785
3.39587917584
3.88817763553
1.23904780956
1.74554910982
0.5
3.8573714743
1.34966993399
2.57901580316
0.0
2.2398479696
1.65943188638
2.28325665133
1.30346069214
4.79575915183
1.14402880576
3.17053410682
0.59101820364
3.2649529906
1.24274854971
1.37477495499
0.967393478699
3.16463292658
1.5
1.0625125025
-1.28895779156
-1.14832966593
2.09781956391
0.656031206241
1.40988197639
0.827465493097
-2.0
-1.84286857371
0.350570114022
-1.32086417284
-1.23194638928
2.31316263253
1.44068813763
1.30546109222
3.5
1.10672134427
0.5
1.58011602321
0.572414482896
0.935287057411
0.471494298859
0.0493098619736
2.54160832166
-0.567813562713
1.5
2.75925185037
3.5
2.75155031006
3.00230046009
3.24384876975
3.5
3.76385277055
3.5
2.04310862172
1.5
1.5
3.90068013603
3.28695739148
4.0
3.5
2.54850970194
4.10472094419
3.3875775155
2.6899379876
4.0
0.81776355271
0.5
2.80186037207
-0.579315863172
4.16683336667
4.32596519304
4.15913182637
5.0
4.28855771154
4.48789757952
-0.931186237248
0.949389877977
-0.227945589117
1.73564712943
2.3849769954
1.1276255251
2.36187237448
3.36677335467
2.5
5.21814362873
2.28955791158
1.20274054811
2.9024804961
3.15633126625
3.73054610922
1.83596719344
-0.171534306861
2.67173434687
5.5
4.17943588718
2.93328665733
2.12572514503
5.05901180236
4.58451690338
2.44868973795
2.9050810162
3.41278255651
2.44878975795
4.96409281856
3.65383076615
2.61282256452
3.95129025805
2.56151230246
3.200040008
1.52560512103
2.74104820964
5.01530306061
4.24874974995
3.50780156031
0.756451290258
0.479395879176
7.23584716943
6.01800360072
4.31556311262
3.02570514103
5.5
6.5
3.63822764553
2.58221644329
1.61512302461
2.64642928586
4.40798159632
4.33046609322
0.689637927586
3.37157431486
2.54580916183
4.92808561712
3.95459091818
3.76115223045
4.33346669334
4.91268253651
3.47649529906
2.2850570114
4.95339067814
1.32176435287
5.85657131426
5.38957791558
3.04290858172
5.0
4.87197439488
3.75165033006
2.63902780556
2.0
2.16213242648
3.65263052611
2.6049209842
4.0
3.69443888778
8.0
5.76855371074
6.82866573315
4.66363272655
5.5
7.27765553111
5.35947189438
2.63282656531
3.1874374875
5.0
5.10972194439
5.5
5.31136227245
5.17323464693
6.13162632526
1.7848569714
6.09121824365
6.55581116223
5.72594518904
5.95959191838
6.03270654131
5.449989998
4.77595519104
3.51920384077
5.49809961992
2.01160232046
5.74324864973
2.53180636127
2.47109421884
2.0
6.0
2.10402080416
4.83956791358
2.93258651731
4.424884977
5.62422484497
4.43318663733
4.24554910982
5.5
6.44318863773
6.06801360272
6.25805161032
2.72654530906
4.14442888578
4.84786957392
4.5
5.5
5.17523504701
4.34146829366
6.02340468094
5.15083016603
6.60302060412
4.07061412282
1.72144428886
1.36457291458
2.02630526105
1.62772554511
3.5
5.2400480096
4.26765353071
6.38767753551
6.5
4.60462092418
4.85077015403
5.59691938388
7.65693138628
7.32156431286
4.5
5.16303260652
4.82766553311
5.5
7.9598919784
7.93388677735
6.87547509502
10.824764953
6.71824364873
7.5
7.20314062812
7.5
7.6325265053
7.57061412283
8.78145629126
7.44478895779
4.5
6.4800960192
8.5
6.46339267854
6.53340668134
8.99099819964
7.00130026005
6.00960192038
9.98589717944
6.56541308261
7.97049409882
5.5
6.5
7.5
9.71984396879
7.53400680136
8.28785757151
9.374874975
8.09111822364
8.5
5.89347869574
9.94288857772
12.5
10.0
8.5
8.8549709942
7.97909581916
7.91978395679
7.83186637328
7.58791758352
7.02530506101
5.30876175235
4.04840968194
4.29335867174
5.21434286857
5.27795559112
8.86487297459
9.40638127626
9.11772354471
9.37357471494
9.61972394479
7.76825365073
3.0
4.0
4.5
5.0
5.09661932387
6.87107421484
4.26675335067
6.15973194639
8.41878375675
7.32736547309
8.35297059412
5.31966393279
5.13162632527
9.5
5.88377675535
7.41278255651
7.5
8.79655931186
4.71354270854
7.34456891378
5.6400280056
7.15653130626
5.47269453891
5.54690938188
6.46079215843
4.76575315063
6.04760952191
6.98389677935
10.0
7.74894978996
7.99299859972
8.0
7.0
8.06021204241
6.98109621924
6.0
9.39357871575
8.78045609122
6.56861372274
6.57631526305
7.0
4.20414082817
7.85087017404
4.17863572715
6.22964592918
8.6225245049
6.0
6.91378275655
6.13592718544
6.69333866773
7.16103220644
8.66873374675
8.58821764353
8.31586317263
8.5
4.30046009202
5.79275855171
5.0724144829
6.77735547109
5.0
5.88097619524
5.75425085017
8.99309861973
8.26115223045
7.5
6.27655531106
6.5
5.89597919584
4.5
5.30736147229
4.1849369874
4.67723544709
4.83046609322
6.33816763353
4.84586917383
8.5
5.13872774555
7.36897379476
3.25335067013
5.26875375075
2.71584316864
2.5
2.9074814963
2.66963392679
5.71144228846
6.56941388278
7.5
6.5
4.40738147629
4.01930386077
6.56181236247
4.52320464093
4.46899379876
5.48829765953
5.50040008002
6.51520304061
6.53060612122
7.4424884977
7.56141228246
6.5
6.72694538908
5.08071614323
4.5
3.03460692138
4.21154230846
6.54230846169
6.79615923185
5.349969994
6.91158231646
7.71144228846
6.68843768754
4.3924784957
4.95779155831
3.57311462292
1.34606921384
4.17673534707
3.99199839968
3.53110622124
4.68473694739
7.0
5.0
6.58431686337
6.28445689138
3.33486697339
3.73094618924
4.64202840568
5.61952390478
4.25405081016
4.71474294859
4.0
4.66573314663
2.0
3.3776755351
2.54960992198
4.32786557311
1.36867373475
2.0
2.0
3.0
2.34646929386
7.41668333666
1.63812762553
2.0
3.24544908982
5.0
4.48169633927
4.04980996199
3.20404080816
2.08421684337
4.28825765153
4.0
3.06111222245
1.89317863572
4.09141828366
4.96199239848
3.53030606121
1.04520904181
3.21274254851
4.48919783957
2.0
4.98359671935
2.0
3.0
4.29695939188
4.0
1.45329065813
0.972794558912
3.84316863373
3.5
1.4224844969
2.08521704341
2.90708141628
1.20124024805
1.30416083217
1.38397679536
3.0
2.56571314263
-0.180436087217
-0.5
-2.20914182837
-1.98669733946
-4.5049009802
-2.0
0.0280056011188
-1.09651930386
-1.85037007401
-0.208441688337
2.0
-2.5523104621
-0.634226845369
0.260752150431
1.25305061012
1.87267453491
3.5
4.0
3.88887777555
5.07181436287
5.0
7.84956991398
3.97859571915
4.29065813162
0.5
2.66583316663
1.16063212643
0.0
1.5
0.181236247249
-0.129825965194
0.0
1.55721144229
0.5
0.702940588115
-1.90868173635
-3.0
-2.5
-0.465893178635
-1.5
-3.97359471894
-1.5
-0.574814962994
-2.44058811762
-0.0110022004401
-2.0
-2.4900980196
-1.49889977996
-2.00440088018
-1.51650330066
0.0121024204836
0.234046809363
-1.46039207842
-1.0
1.3624724945
1.34406881376
0.570414082817
1.28905781156
0.414182836568
-0.483796759348
1.25305061012
-0.391078215644
-2.0
-0.687837567514
-1.56601320264
-3.0
-1.0
-2.8275655131
-4.25575115023
-0.670534106821
-1.91088217644
-2.81406281256
-4.0
-4.20134026805
-3.39547909582
-3.28325665133
-4.0
-6.46429285857
-5.76015203041
-4.0
-2.25525105021
-3.0
-0.770654130825
-0.332466493301
-2.42908581716
-2.10312062413
-2.54780956191
-4.21374274855
-2.68313662733
-3.64912982596
-2.66773354671
-3.4199839968
-5.32616523305
-3.0
-2.36307261452
-6.62922584517
-4.56771354271
-2.05691138228
-1.59081816363
-4.04920984197
-6.0
-4.66603320664
-3.27405481096
-4.03380676135
-2.2200440088
-3.05221044209
-4.22774554911
-5.88957791558
-3.32276455291
-5.0
-4.51370274055
-4.50900180036
-5.00340068014
-5.5
-4.48289657932
-2.02480496099
-1.9674934987
-2.0
-1.59581916383
-4.94438887778
-4.12662532507
-4.85797159432
-3.42128425685
-4.91358271654
-4.81176235247
-2.50910182036
-2.39047809562
-4.88277655531
-2.0
-1.56631326265
-1.71934386878
-1.0
-4.0
-3.32686537307
-4.32886577316
-5.08941788358
-3.47019403881
-1.38847769554
-0.850970194038
-0.709641928384
-2.56531306261
-3.8874774955
-3.16813362673
-8.12022404481
-5.25185037007
-7.62792558512
-5.61822364473
-6.72874574915
-8.05791158232
-6.21334266853
-5.08871774355
-4.69793958792
-4.11952390478
-4.02380476095
-5.67483496699
-3.99929985997
-3.65943188638
-6.17413482697
-6.6399279856
-4.13632726545
-5.5
-5.18953790758
-6.44338867774
-3.5
-6.75545109022
-7.47529505901
-5.62362472495
-6.42528505701
-7.03350670134
-6.72034406881
-5.52580516103
-6.04390878176
-5.0
-4.47149429886
-5.95839167833
-5.02620524105
-6.01080216043
-7.50230046009
-6.9899979996
-6.01770354071
-8.97459491898
-4.46689337868
-8.0
-6.58021604321
-10.9718943789
-6.37217443489
-6.17903580716
-7.0276055211
-8.2824564913
-6.29735947189
-8.74394878976
-5.58481696339
-5.73564712943
-5.37447489498
-4.76645329066
-2.78185637127
-5.62842568514
-5.18733746749
-5.83596719344
-5.82826565313
-8.26915383077
-9.71784356871
-8.20774154831
-6.7974594919
-9.3948789758
-8.06411282257
-5.17693538707
-8.63332666533
-8.24104820964
-7.0
-6.5
-6.47169433887
-6.40778155631
-8.5
-8.5
-6.6025205041
-9.04600920184
-7.81036207241
-6.31806361272
-9.0
-8.5
-7.47649529906
-6.54660932186
-7.57171434287
-10.3178635727
-8.93598719744
-6.87967593519
-4.05631126225
-6.8024604921
-7.09721944389
-7.58951790358
-7.0
-11.1482296459
-7.5
-8.0
-10.0
-10.6299259852
-9.44658931786
-6.47209441888
-8.97979595919
-7.0
-7.99039807962
-6.49709941988
-7.0
-6.51830366073
-7.97399479896
-6.80056011202
-7.95859171834
-7.0
-8.94318863773
-8.0
-8.0
-13.0
-10.0876175235
-10.8929785957
-10.8969793959
-13.1678335667
-14.2368473695
-12.1869373875
-13.0
-10.7169433887
-12.2984596919
-11.9707941588
-11.5061012202
-11.6553310662
-11.1800360072
-13.375475095
-12.4022804561
-11.4062812563
-12.3674734947
-9.28145629126
-12.773754751
-12.0
-12.8624724945
-11.5013002601
-11.2570514103
-12.0
-12.7275455091
-11.3297659532
-14.6439287858
-12.0
-16.0902180436
-13.9054810962
-14.3626725345
-17.4131826365
-16.50110022
-15.9208841768
-15.0
-14.0
-14.0
-14.8725745149
-10.3802760552
-11.8879775955
-11.0
-11.3550710142
-10.0
-9.95939187837
-8.64702940588
-11.0
-10.6628325665
-11.0
-10.5
-11.0175035007
-14.0546109222
-9.00980196039
-11.5119023805
-12.0021004201
-14.5035007001
-14.4719943989
-12.0
-9.0399079816
-10.0686137227
-9.95799159832
-11.774854971
-14.3851770354
-11.8697739548
-12.0728145629
-16.0
-16.0882176435
-14.4040808162
-16.8963792759
-15.3886777355
-18.4404880976
-16.6267253451
-16.0
-14.0
-12.074914983
-12.4862972595
-11.9173834767
-12.6729345869
-15.4580916183
-15.0
-12.2940588118
-13.7037407481
-13.0
-11.2808561712
-13.0
-12.2654530906
-14.6211242248
-10.25005001
-11.7423484697
-11.0
-12.0
-14.7807561512
-12.4230846169
-16.1942388478
-14.8480696139
-13.8115623125
-13.6807361472
-13.8269653931
-13.6653330666
-13.0788157632
-13.974894979
-14.7155431086
-12.6345269054
-11.4365873175
-14.3808761752
-12.3328665733
-10.2074414883
-8.28805761153
-9.2350470094
-11.8387677536
-8.21354270854
-11.9347869574
-9.0
-11.950190038
-8.08421684337
-9.96559311862
-10.9465893179
-8.0
-9.51130226045
-8.00720144029
-9.50410082016
-11.9822964593
-11.0
-11.0
-13.0698139628
-12.3934786957
-14.275155031
-13.0580116023
-12.3028605721
-10.1468293659
-12.4188837768
-10.2664532907
-10.3947789558
-10.6352270454
-11.223844769
-11.0
-10.0590118024
-10.6350270054
-9.82136427285
-9.5
-10.5
-10.0
-7.65293058612
-12.0
-10.9665933187
-6.49159831966
-10.7043408682
-9.21204240848
-8.06051210242
-10.1137227445
-10.5
-8.87857571514
-7.87417483497
-10.2582516503
-9.23404680936
-7.54730946189
-13.1093218644
-11.0
-8.39837967593
-9.34776955391
-11.0
-10.3198639728
-12.1724344869
-11.6705341068
-10.0
-8.02600520104
-13.2875575115
-10.2678535707
-11.9368873775
-10.6907381476
-11.0
-11.8968793759
-14.0477095419
-10.2061412282
-9.0
-9.71384276855
-11.6292258452
-11.8861772354
-10.450790158
-10.0
-8.01690338068
-10.0522104421
-10.9815963193
-10.5107021404
-8.99399879976
-8.00470094019
-8.46899379876
-9.7399479896
-9.54170834167
-7.92898579716
-8.5
-9.10182036407
-11.824164833
-9.98209641928
-11.7779555911
-12.2548509702
-10.1788357672
-12.0
-9.5524104821
-12.6125225045
-12.4398879776
-12.0
-12.8643728746
-13.7133426685
-13.3020604121
-12.1706341268
-9.49929985997
-11.325865173
-11.2727545509
-9.46569313863
-11.7041408282
-8.0
-9.10632126425
-10.5593118624
-9.68413682736
-10.1036207241
-11.2696539308
-9.24884976995
-8.38827765553
-5.53310662132
-6.45149029806
-7.56391278256
-6.71034206841
-7.79735947189
-4.3474694939
-7.18723744749
-8.66023204641
-12.5704140828
-7.0
-9.0
-9.64872974595
-11.0
-7.73334666933
-11.125625125
-7.14622924585
-10.3306661332
-10.1924384877
-12.0
-8.82576515303
-7.15883176636
-11.4282856571
-8.93598719744
-7.55631126225
-8.52430486097
-8.0
-8.96679335867
-9.47449489898
-7.0
-7.53030606122
-11.0
-9.75795159032
-10.9804960992
-8.0
-9.5
-7.19583916783
-7.02190438088
-5.82726545309
-5.44078815763
-8.56691338268
-8.5
-9.41768353671
-9.4099819964
-8.20114022805
-9.55271054211
-9.38687737548
-10.1812362472
-9.92868573715
-9.13622724545
-9.0
-9.0
-9.5
-8.41648329666
-8.33736747349
-10.8175635127
-8.3098619724
-10.401080216
-8.0
-9.89337867574
-8.27905581116
-7.34296859372
-10.0
-10.5119023805
-11.3793758752
-10.1108221644
-11.650730146
-11.725145029
-10.2610522104
-10.5805161032
-6.89897979596
-8.34716943389
-8.18663732747
-10.0
-8.82876575315
-8.33176635327
-7.84416883377
-7.29625925185
-9.14892978595
-7.31636327265
-7.0
-6.92598519704
-10.7807561512
-4.99519903981
-4.32976595319
-5.91348269654
-9.18473694738
-5.92778555711
-8.0
-8.22214442889
-8.04800960192
-8.0
-5.0326065213
-6.7126425285
-5.53440688138
-8.74524904981
-11.9981996399
-5.75885177035
-7.49319863973
-5.0
-7.47099419884
-8.76835367073
-7.56661332266
-6.17183436687
-5.9700940188
-10.0
-4.22564512902
-5.91708341668
-7.0
-6.40168033607
-9.84096819364
-8.5
-8.06071214243
-10.5
-6.27365473094
-8.14452890578
-7.84776955391
-8.81986397279
-9.08091618324
-4.33766753351
-6.0
-7.69073814763
-6.0
-6.70614122825
-4.89307861572
-3.0
-2.61462292458
-4.36847369474
-3.5
-2.49529905981
-3.2600520104
-5.96449289858
-6.55091018204
-7.0
-6.70914182837
-7.10072014403
-7.30626125225
-6.0
-5.67833566713
-3.82936587317
-3.0
-3.92238447689
-3.0
-4.13982796559
-6.0
-2.24884976996
-4.38327665533
-2.0
-4.20264052811
-3.76595319064
-2.58591718344
-1.07821564313
-2.57051410282
-0.251250250054
-3.88977795559
-5.85777155431
-1.46029205841
-3.45199039808
-3.57291458292
-1.01660332066
-3.0
-2.00060012002
-3.50650130026
-5.97159431886
-6.0
-6.97039407882
-9.69403880776
-11.0225045009
-10.4472894579
-11.0
-10.2724544909
-9.7725545109
-6.83296659332
-6.13682736547
-8.5
-5.6599319864
-7.22864572914
-6.0
-7.18513702741
-7.8625725145
-5.3548709742
-5.15283056611
-7.81186237247
-6.57941588318
-5.67593518704
-4.81636327266
-5.34566913383
-7.60192038408
-6.41348269654
-6.78555711142
-5.27785557112
-4.22984596919
-4.7375475095
-4.63212642529
-4.37057411483
-4.89097819564
-4.11582316463
-3.63802760552
-3.78375675135
-3.06281256251
-2.89957991598
-4.69313862773
-2.68543708742
-4.66113222645
-4.0850170034
-4.33116623325
-3.15463092619
-2.20614122825
-5.43038607722
-4.13152630526
-7.75235047009
-4.57581516303
-4.77105421084
-5.69963992799
-6.68603720744
-5.24404880976
-4.84476895379
-4.5699139828
-3.15553110622
-3.89097819564
-4.45319063813
-1.0
-1.03140628126
-5.0
-3.01600320064
-4.50830166033
-5.0
-4.50710142028
-5.47779555911
-2.4774954991
-3.03020604121
-5.80686137227
-3.95439087818
-1.44668933787
-3.40848169634
-4.85307061412
-2.53820764153
-3.20794158832
-3.18363672734
-2.90048009602
-4.23194638928
-6.22984596919
-4.43868773755
-2.94548909782
-3.5
-2.03140628126
-0.806861372272
-3.5
-2.91558311662
-1.51480296059
-1.40788157632
-0.191938387678
-1.40018003601
-1.79265853171
-1.1075215043
-4.36137227445
-3.53910782157
-4.36907381476
-5.5
-3.5
-4.0
-6.61552310462
-5.13832766553
-6.78435687137
-5.35397079416
-3.20024004801
-4.46119223845
-4.36967393479
-3.64572914583
-2.66943388678
-2.33826765353
0.154030806161
-2.93898779756
-1.86137227445
-0.630926185238
-1.87677535507
-2.42328465693
-4.1226245249
-1.60012002401
-0.184836967393
0.0847169433891
-1.84596919384
0.284656931387
1.34596919384
-4.0
-1.04620924185
-0.538507701542
0.0
-0.476895379075
-1.0
-2.0
-3.0
