-15.5
-17.7538507702
-17.4922984597
-18.8308661732
-20.3921784357
-21.2307461492
-21.5
-22.5613122625
-24.1848369674
-23.2153430686
-24.4229845969
-28.0
-28.4075815163
-30.600120024
-30.4460892178
-27.6922384477
-28.1232246449
-33.1072214443
-32.2079415883
-33.3536707341
-36.2689537908
-32.9851970394
-35.0764152831
-29.0
-31.0
-31.3074614923
-31.0
-30.623824765
-28.1078215643
-26.5533106621
-26.1155231046
-28.7387477495
-25.7464492899
-26.1312262452
-23.1309261852
-21.3847769554
-21.7227445489
-19.6774354871
-19.0
-16.399279856
-18.6540308062
-18.8157631526
-19.0
-17.0844168834
-16.6694338868
-11.3465693139
-10.3542708542
-8.86197239448
-8.63032606521
-5.36787357471
-5.23284656931
-4.33916783357
-3.29975995199
-0.408181636327
1.0
4.22924584917
9.28435687137
9.81696339268
6.10662132426
8.1824364873
16.2310462092
19.9546909382
19.8287657532
24.0148029606
25.0
26.49909982
29.7624524905
33.9519903981
37.9525905181
37.9685937187
42.5391078216
44.9063812763
46.2772554511
48.875575115
50.9300860172
51.9223844769
52.5853170634
55.3604720944
55.2014402881
54.8915783157
55.3838767754
53.2476495299
52.3684736947
52.1392278456
52.7061412282
48.4638927786
47.324664933
49.4898979796
45.6445289058
45.5563112623
40.3862772555
39.799159832
36.0
34.0
30.8619723945
30.2316463293
25.0
23.9940988198
22.8678735747
22.2624524905
20.3850770154
17.5557111422
17.2855571114
12.5865173035
10.6019203841
9.0
6.18363672735
5.14812962593
2.49529905981
0.660532106421
-0.847169433887
-2.29025805161
-4.27485497099
-10.6297259452
-14.2440488098
-13.3856771354
-15.8933786757
-14.0
-14.9087817564
-15.5835167033
-13.2274454891
-14.4318863773
-18.9395879176
-17.0
-16.0450090018
-18.0
-16.9703940788
-16.0
-17.0142028406
-19.5065013003
-17.0024004801
-16.0
-15.9833966793
-17.0486097219
-11.0640128026
-15.0794158832
-14.0474094819
-12.5551110222
-9.93718743749
-7.14102820564
-12.8435687137
-12.0
-12.9063812763
-12.2026405281
-12.6729345869
-12.6167233447
-12.124424885
-13.0
-13.0
-12.0
-12.0
-12.3370674135
-15.0
-14.6433286657
-18.0
-18.0
-20.5971194239
-20.0
-20.0
-20.275455091
-23.2322464493
-24.0
-22.7523504701
-24.2446489298
-26.0
-22.7707541508
-24.7215443089
-25.4276855371
-26.7061412282
-24.1984396879
-26.6185237047
-24.3660732146
-22.649329866
-25.8323664733
-27.3198639728
-25.1522304461
-25.6445289058
-27.0
-26.3708741748
-26.1214242849
-26.0
-26.8939787958
-24.0
-23.8187637528
-25.1658331666
-22.924784957
-22.5675135027
-21.1196239248
-24.4478895779
-24.8667733547
-20.0
-22.9709941988
-20.4786957391
-16.9727945589
-14.0118023605
-16.0018003601
-13.0
-9.01720344069
-8.57471494299
-6.9673934787
-4.08061612322
-4.95199039808
-2.55571114223
-3.0
-4.14222844569
-1.84236847369
-1.0
-2.18843768754
1.19903980796
5.89037807562
6.30866173235
10.49989998
14.0
15.3595719144
16.3518703741
18.0
20.0
22.6575315063
21.6421284257
29.1267253451
27.6528305661
28.2979595919
32.9353870774
36.3912782557
36.9122824565
40.5343068614
45.0
44.0
47.1339267854
48.8408681736
47.7286457291
49.6395279056
47.5331066213
50.6472294459
48.8021604321
48.3098619724
47.6824364873
47.6626325265
47.8329665933
46.6593318664
46.7725545109
44.6780356071
40.6362272454
39.7429485897
39.8791758352
38.3065613123
34.8945789158
33.5057011402
28.225045009
30.7088417684
28.425385077
28.0669133827
24.9111822364
22.1727345469
18.8904780956
16.7680536107
13.4857971594
12.9585917183
9.0
7.49469893979
5.5024004801
5.23484696939
4.02670534107
2.52550510102
1.51660332066
0.229545909182
-3.87847569514
-2.5
-6.3399679936
-6.92828565713
-4.23824764953
-8.32576515303
-9.09481896379
-12.3012602521
-11.0
-14.5731146229
-12.874374875
-17.5
-16.3525705141
-16.824364873
-14.1564312863
-13.1679335867
-15.5704140828
-16.3204640928
-16.374474895
-14.8474694939
-20.4933986797
-24.7896579316
-23.6729345869
-28.5485097019
-42.5819163833
-81.1526305261
-68.2580516103
-72.3482696539
-60.5466093219
-48.2195439088
-14.3346669334
12.4568913783
23.6969393879
35.6972394479
49.6715343069
42.0452090418
10.899179836
-10.5818163633
-28.3055611122
-51.5103020604
-72.7899579916
-75.8218643729
-65.8022604521
-55.2595519104
-29.5871174235
-10.4800960192
16.7769553911
30.6423284657
34.0360072014
33.8149629926
15.5537107421
-5.79125825165
-36.5091018204
-54.3024604921
-78.3550710142
-85.5139027806
-82.9396879376
-65.4069813963
-48.4576915383
-33.0105021004
-2.36237247449
14.3527705541
21.3935787157
18.0
10.8122624525
-8.08171634327
-30.9816963393
-48.9830966193
-59.7169433887
-70.1399279856
-71.0307061412
-63.1202240448
-42.2374474895
-27.2770554111
-8.19073814763
4.86397279456
15.8794758952
9.424884977
3.89597919584
-4.42968593719
-15.5116023205
-33.3102620524
-47.3198639728
-50.4060812162
-52.5433086617
-43.9064812963
-36.8437687538
-18.5305061012
-17.1790358072
-6.75535107021
-4.3873774755
-5.12692538508
-17.7285457091
-35.24874975
-54.1823364673
-88.4330866173
-98.7120424085
-125.930386077
-101.384876975
-103.177435487
-68.7345469094
-35.0293058612
8.57791558312
44.8463692739
70.8803760752
93.8563712743
97.8522704541
83.5590118024
67.2224444889
48.574814963
28.4056811362
8.00870174035
12.0
16.324464893
37.8442688538
64.7028405681
99.4930986197
124.852170434
132.862172434
143.267453491
137.768753751
120.824464893
87.3642728546
55.4589917984
32.5486097219
12.2895579116
-3.42398479696
1.47329465893
11.3623724745
29.5368073615
43.850570114
72.3673734747
77.2282456491
86.3593718744
67.6046209242
53.9123824765
29.7962592518
4.22604520904
-9.88717743549
-29.5478095619
-25.9365873175
-20.8071614323
-2.42448489698
15.75035007
43.8448689738
49.3666733347
48.5955191038
65.1055211042
46.2323464693
41.4308861772
3.84416883377
10.5866173235
-11.9037807562
-7.27665533107
-4.57561512303
5.72064412883
9.74994999
35.5775155031
59.2436487297
65.5624124825
56.5617123425
52.4713942789
43.8882776555
55.1376275255
-10.1434286857
-14.2449489898
-50.8082616523
-80.3614722945
-140.719143829
-170.972194439
-162.236147229
-166.134426885
-146.732746549
-113.51220244
-47.7150430086
-20.8601720344
-4.02040408082
9.20574114823
21.6461292258
-16.274254851
-58.9336867373
-73.1889377876
-100.321664333
-142.773054611
-149.232846569
-126.273854771
-101.735347069
-84.8431686337
-39.6712342468
15.424384877
36.3928785757
46.0294058812
63.7542508502
52.7275455091
19.5552110422
-33.4624924985
-36.8026605321
-74.5393078616
-76.0370074015
-89.4339867974
-53.3614722945
-15.1425285057
13.1043208642
51.699439888
92.2816563313
87.8628725745
94.425485097
80.7858571714
78.0643128626
23.7088417684
18.1428285657
2.96139227846
27.9893978796
46.6124224845
43.7581516303
68.6845369074
36.0089017803
3.99319863973
-66.0374074815
-66.8229645929
-150.956091218
-158.49479896
-181.167033407
-123.293558712
-103.398179636
-88.5033006601
-31.8644728946
-3.53900780156
-24.5521104221
-48.4405881176
-79.6301260252
-110.299859972
-181.847569514
-190.766353271
-188.634626925
-168.00930186
-138.957291458
-69.8378675735
3.79615923185
81.4929985997
125.539107822
182.678935787
186.182836567
172.362772555
120.138927786
88.5807161432
48.0455091018
26.5580116023
1.53830766153
45.0702140428
64.2281456291
119.942188438
163.371074215
215.75725145
247.913582717
235.100020004
225.131326265
185.570914183
126.086017203
75.126025205
29.9590918184
23.8077615523
4.06641328266
22.9352870574
46.6182236447
83.8209641928
113.798659732
126.524604921
135.042708542
110.735347069
83.8321664333
27.5289057812
-1.21114222845
-57.50070014
-75.0794158832
-95.49979996
-75.3938787758
-69.2290458092
-36.1119223845
-11.9600920184
12.6798359672
10.8617723545
13.4919983997
-4.32036407281
-24.9292858572
-63.5129025805
-86.6031206241
-92.3126625325
-96.2667533507
-86.8409681936
-59.7564512903
-25.3719743949
3.41778355671
25.6045209042
43.4692938588
56.5766153231
40.2522504501
32.6057211442
12.2338467694
2.12192438488
-27.4613922785
-63.4662932587
-51.8085617123
-42.3821764353
-32.8392678536
5.66573314663
28.799659932
57.8045609122
60.9206841368
61.0716143229
56.2067413483
29.9881976395
-10.0336067213
-37.6224244849
-49.5314062813
-52.6905381076
-64.0641128226
-33.4149829966
-11.9884976995
14.424384877
20.1517303461
31.4583916783
37.8782756551
18.7715543109
5.12322464493
-11.7935587117
-36.5086017203
-58.4638927786
-73.9482896579
-72.1291258252
-69.1802360472
-53.3803760752
-42.0414082817
-17.7454490898
-12.3790758152
-7.82156431286
-9.77285457091
-20.2119423885
-46.3309661932
-70.7679535907
-85.6650330066
-108.664232847
-113.75395079
-114.429285857
-86.1773354671
-66.3366673335
-35.4233846769
-21.4893978796
-6.68623724745
-2.20934186837
-9.82606521304
-28.1185237047
-38.024704941
-59.5646129226
-59.0
-65.7933586717
-51.0
-29.4179835967
-19.7230446089
13.200940188
17.6624324865
33.4932986597
21.3656731346
10.3114622925
-4.53620724145
-32.9032806561
-41.9535907181
-56.50060012
-44.2344468894
-33.6619323865
-22.9308861772
11.0353070614
53.4073814763
80.6020204041
93.2485497099
76.3319663933
76.1102220444
44.3906781356
-5.06551310262
-76.1439287858
-110.673634727
-127.585517103
-123.957691538
-115.98809762
-43.2400480096
7.1300260052
79.975595119
112.798859772
162.227045409
169.178035607
154.548209642
119.838767754
93.4056811362
66.4926985397
37.6226245249
26.6603320664
57.3681736347
78.1204240848
119.337367473
166.272654531
213.561612322
237.773854771
243.49379876
233.826165233
209.380576115
164.851470294
112.035007001
79.5392078416
54.0267053411
21.8419683937
28.6438287658
50.5024004801
74.3943788758
81.5826165233
91.9332866573
105.74474895
82.2916583317
40.4225845169
2.11602320464
-24.6422284457
-72.0516103221
-103.172334467
-116.201340268
-103.515903181
-100.285157031
-76.7523504701
-54.6067213443
-25.7672534507
-14.8621724345
-16.8845769154
-29.8787757552
-36.8202640528
-71.4918983797
-83.4664932987
-94.4356871374
-91.7469493899
-83.8291658332
-63.6418283657
-31.6720344069
-1.54230846169
23.7220444089
48.3025605121
64.9628925785
62.6039207842
46.0
35.8426685337
25.7087417483
10.4427885577
2.50110022004
8.97029405881
24.7285457091
36.8349669934
54.1163232647
66.775555111
76.1823364673
70.6584316863
60.4235847169
45.0457091418
17.4868973795
-7.33106621324
-26.0434086817
-45.3068613723
-55.2697539508
-59.5572114423
-55.7557511502
-53.6947389478
-55.1375275055
-49.5083016603
-52.6323264653
-58.5362072414
-68.8166633327
-79.2359471894
-92.5045009002
-106.308561712
-112.398279656
-114.086317263
-108.214542909
-101.888977796
-83.3649729946
-75.5200040008
-67.8819763953
-65.7652530506
-54.4784956991
-51.9026805361
-61.723844769
-63.7838567714
-61.25065013
-63.8977795559
-65.7104420884
-56.174634927
-44.7664532907
-36.3104620924
-19.4321864373
-11.5364072815
-5.27975595119
-7.73694738948
-11.5657131426
-11.8118623725
-23.7541508302
-38.2374474895
-40.6037207441
-47.7035407081
-53.3721744349
-65.2538507702
-49.0698139628
-46.2515503101
-38.2176435287
-41.4930986197
-35.3829765953
-31.4686937387
-26.1180236047
-34.7579515903
-32.4794958992
-29.75025005
-34.4819963993
-34.3021604321
-31.0
-23.3560712142
-18.4619923985
-15.274254851
-0.293758751749
5.59721944389
2.1376275255
12.0
12.0421084217
17.4484896979
18.199239848
30.0341068214
37.3450690138
41.075015003
62.1522304461
49.3521704341
66.9791958392
66.9014802961
75.9682936587
79.3310662132
80.6467293459
90.7361472294
94.1721344269
111.852470494
119.207441488
136.133426685
160.99439888
167.577815563
185.355771154
182.927085417
163.485397079
172.948789758
158.903580716
156.111622324
153.49559912
146.019603921
158.300560112
161.018903781
157.157631526
160.885177035
174.350670134
163.868573715
147.614622925
127.74524905
103.48809762
78.2338467694
59.6306261252
27.0383076615
21.9806961392
12.949889978
1.03840768154
-4.12692538508
-1.92308461692
-7.32696539308
-8.12302460492
-24.3766753351
-40.9149829966
-49.7880576115
-70.2763552711
-86.649529906
-98.9846969394
-95.9809961992
-92.99989998
-89.5234046809
-79.7577515503
-69.2204440888
-57.0309061812
-48.6737347469
-41.6852370474
-28.7970594119
-31.9722944589
-32.2082416483
-29.4228845769
-31.4575915183
-22.4438887778
-9.05121024205
0.568313662734
16.3062612523
24.3833766753
32.1069213843
45.5838167634
54.9874974995
59.5376075215
61.5809161832
63.1652330466
54.3292658532
40.6301260252
43.5963192639
37.900680136
38.3959791958
33.0736147229
29.3351670334
25.6934386877
16.574814963
1.24654930986
-2.48299659932
-17.5946189238
-39.0169033807
-61.7264452891
-85.7896579316
-102.554310862
-116.347469494
-127.459191838
-138.894478896
-145.823564713
-150.681136227
-161.983096619
-167.673334667
-170.50970194
-178.637927586
-176.586017203
-186.99009802
-188.598119624
-183.0
-184.400580116
-177.062112422
-164.537907582
-148.830266053
-132.416783357
-112.512702541
-99.600920184
-76.8176635327
-59.7731546309
-43.524204841
-24.8431686337
-8.68383676735
-1.45449089818
9.99929985997
22.4369873975
27.2419483897
37.3452690538
44.8287657531
46.4019803961
42.0469093819
43.5546109222
30.124624925
33.8599719944
26.2888577716
14.9270854171
14.9483896779
0.852870574114
0.0872174434892
0.116223244649
-4.06411282256
-7.43418683737
-7.13932786557
-5.92648529706
-8.01790358072
-19.6878375675
-9.82986597319
-17.7886577315
-12.7421484297
-12.0966193239
-3.05141028206
0.0827165433093
21.8581716343
15.275955191
40.7190438088
63.4435887177
61.6264252851
85.6675335067
87.9063812763
107.527205441
113.165333067
130.571714343
134.583016603
168.387277455
189.573714743
206.044208842
237.642928586
255.513202641
254.778055611
248.020904181
235.904680936
222.642628526
231.685237047
214.0
211.043108622
207.655431086
216.215343069
198.408881776
202.625125025
202.060712142
193.227945589
176.677035407
144.816063213
123.0030006
94.0721144229
62.7631526305
24.5218043609
22.6160232046
-10.9967993599
-12.9908981796
-30.4729945989
-35.899779956
-46.451190238
-38.0413082617
-61.1616323265
-68.2149429886
-90.0583116623
-105.622524505
-122.970394079
-136.186737347
-136.086017203
-127.578015603
-121.304260852
-117.304560912
-95.1355271054
-83.5
-66.8883776755
-63.199639928
-43.1072214443
-53.7403480696
-44.8857771554
-48.8414682937
-40.124524905
-36.6168233647
-20.0661132226
-2.20924184837
13.9306861372
20.349169834
33.8151630326
55.0074014803
55.700240048
57.7567513503
60.0
61.5526105221
55.1354270854
46.3356671334
38.2881576315
44.0302060412
45.5083016603
42.5719143829
39.2438487698
35.5
23.324664933
8.78075615123
-3.58671734347
-24.2221444289
-36.775455091
-60.3547709542
-82.849269854
-95.7840568114
-105.817763553
-118.334866973
-125.023704741
-127.203940788
-142.150230046
-153.140428086
-175.119423885
-177.468093619
-190.316463293
-203.274554911
-210.177735547
-207.531806361
-209.24324865
-214.985497099
-199.768053611
-182.548009602
-170.310562112
-153.725045009
-144.065413083
-134.722244449
-118.370274055
-111.223244649
-93.6628325665
-79.9628925785
-64.6840368074
-49.0197039408
-32.4573914783
-10.224244849
9.5125025005
26.4128825765
45.8125625125
57.4373874775
67.2581516303
64.4446889378
64.0161032206
64.5
57.349669934
59.6419283857
52.7469493899
42.1805361072
50.0957191438
41.9688937788
43.2061412282
47.6126225245
34.5341068214
32.5642128426
24.9966993399
15.2802560512
0.29125825165
-7.049909982
-8.27295459092
-21.2828565713
-6.98639727946
-14.8841768354
-1.07471494299
3.5
14.2141428286
18.3370674135
49.1115223045
36.6214242849
66.5651130226
63.1348269654
83.9357871574
96.0694138828
102.339067814
133.790458092
154.378575715
189.233646729
204.021004201
255.979495899
268.832966593
282.268453691
268.831666333
263.76225245
233.675935187
228.028305661
211.396979396
208.538707742
215.054610922
220.788757752
198.484696939
223.482096419
205.153630726
211.99979996
188.49209842
157.615323065
134.648729746
89.1028205641
42.2540508102
-0.0970194038837
-2.34886977395
-26.7914582917
-48.0
-59.1174234847
-52.2982596519
-56.9298859772
-58.1671334267
-75.1149229846
-72.2232446489
-89.4346869374
-120.618623725
-142.835967193
-150.883276655
-158.624024805
-145.682636527
-144.919183837
-122.604420884
-98.5270054011
-80.4679935987
-67.3683736747
-44.4299859972
-33.7384476895
-28.9334866973
-35.0574114823
-33.6838367674
-38.2886577315
-32.0
-14.0782156431
-4.81716343269
24.299659932
35.8634726945
53.8052610522
65.9989998
74.475895179
81.4763952791
76.6406281256
61.6401280256
54.7217443489
31.0195039008
26.2692538508
16.8952790558
18.6119223845
16.5359071814
21.051110222
15.6478295659
11.8709741948
-3.33776755351
-19.9318863773
-40.6164232847
-68.2301460292
-83.8047609522
-119.670034007
-131.51230246
-151.018403681
-158.49379876
-157.00540108
-158.277755551
-160.973794759
-152.898279656
-173.146329266
-175.478795759
-192.271954391
-194.370574115
-205.601720344
-216.019303861
-213.939087818
-213.691038208
-203.274154831
-188.443688738
-168.626925385
-142.444788958
-124.206241248
-108.671234247
-94.3218643729
-81.7856571314
-69.7417483497
-63.0
-55.6715343069
-37.8155631126
-23.2825565113
-12.4783956791
8.60062012403
24.25005001
45.4148829766
55.6646329266
62.0326065213
69.875675135
65.400380076
61.9123824765
58.0453090618
52.7196439288
53.0082016403
38.2042408482
37.9551910382
39.2167433487
31.5943188638
32.7601520304
32.1671334267
28.0
18.2973594719
7.50160032006
-1.5
-4.32696539308
-22.0976195239
-19.3290658132
-21.7391478296
-26.5055011002
-1.44358871774
-22.3796759352
24.7265453091
6.99209841968
35.0791158232
38.525105021
42.1700340068
65.0696139228
61.4457891578
83.2716543309
101.24414883
112.038007602
137.966693339
146.477195439
184.156131226
211.892778556
229.447889578
256.24674935
254.975495099
267.442388478
257.347969594
244.547609522
239.903580716
233.367373475
218.576715343
222.273254651
216.061312262
217.188537708
213.888477696
211.461492298
203.423284657
193.0
169.721644329
137.481496299
95.0582116423
71.850870174
33.8853770754
12.2661532306
-11.0724144829
-35.0661132226
-37.7983596719
-54.0025005001
-63.0716143229
-62.6665333067
-71.624624925
-80.3396679336
-95.4066813363
-113.450590118
-128.547609522
-138.768053611
-139.99089818
-143.175635127
-134.341168234
-124.916783357
-114.117323465
-98.8394678936
-81.7915583117
-64.3275655131
-47.2840568114
-49.0485097019
-44.6201240248
-34.7864572915
-32.7224444889
-26.4823964793
-16.1646329266
-7.94158831766
5.32166433287
14.8635727145
29.2600520104
43.8438687738
57.475195039
54.2290458092
51.9657931586
45.1042208442
35.3401680336
19.2222444489
14.4846969394
1.51720344069
-0.51200240048
-1.48029605921
-16.7396479296
-20.3595719144
-27.4571914383
-47.0454090818
-67.6216243249
-79.0193038608
-95.374274855
-114.524204841
-132.643928786
-147.50820164
-148.656631326
-157.909081816
-170.820264053
-166.5
-162.067613523
-175.106821364
-184.123424685
-179.145829166
-182.418883777
-185.815663133
-192.546409282
-188.75655131
-176.181036207
-169.704540908
-163.848969794
-143.779355871
-121.093518704
-102.441388278
-90.2152430486
-81.5060012002
-65.9214842969
-54.9153830766
-49.1369273855
-43.2985597119
-26.2479495899
-15.3984796959
-12.3046609322
-0.467993598719
13.399679936
18.5167033407
24.6613322665
30.7352470494
39.2456491298
46.4342868574
35.9650930186
31.9369873975
31.3091618324
24.0575115023
12.2868573715
13.6667333467
10.4687937588
11.5399079816
9.78365673135
11.2576515303
11.4947989598
4.80396079216
0.270654130826
-12.5
-10.7888577716
-17.1092218444
-24.2342468494
-22.9957991598
-24.2475495099
-14.0630126025
-6.71954390878
-6.59801960392
18.4821964393
23.9782956591
34.7955591118
46.7059411882
57.600920184
72.7773554711
67.2542508502
83.2382476495
91.9160832166
109.922384477
120.049109822
126.578515703
159.635927185
188.888777756
186.886477295
223.080316063
230.716943389
246.333366673
230.208841768
229.044908982
226.25895179
213.283356671
196.967993599
192.106421284
188.25755151
189.054210842
172.452290458
175.987297459
175.875675135
167.313362673
148.400780156
120.970094019
112.212642529
79.7681536307
54.8560712142
18.5947189438
11.5361072214
-17.576015203
-23.8581716343
-39.975395079
-45.4686937387
-50.2029405881
-55.6970394079
-64.1834366873
-68.75085017
-80.1620324065
-93.3202640528
-108.0
-108.141928386
-113.967293459
-111.643528706
-106.214242849
-102.893778756
-81.9974994999
-71.8063612723
-59.9853970794
-40.7689537908
-26.924084817
-29.3855771154
-22.0396079216
-24.4944988998
-15.2637527505
-17.0
-12.7813562713
-1.15733146629
9.85477095419
17.3679735947
23.9655931186
33.8217643529
40.1342268454
31.7618523705
27.0825165033
17.9059811962
5.69063812762
-11.9965993199
-25.1600320064
-28.5
-37.4701940388
-54.8860772154
-50.2882576515
-51.8481696339
-58.3618723745
-70.3293658732
-76.0124024805
-85.3128625725
-101.012802561
-121.618623725
-134.618423685
-143.146229246
-153.115423085
-164.427885577
-158.814462893
-155.889377876
-148.24804961
-149.278955791
-147.534706941
-139.962692539
-136.108621724
-133.435687137
-137.894478896
-126.723444689
-124.161032206
-119.357471494
-112.230346069
-99.6883376675
-81.4883976795
-66.7884576915
-60.5885177035
-41.5723144629
-26.25035007
-21.574314863
-16.2811562312
-11.8982796559
-12.3589717944
-12.8794758952
-12.3034606921
-5.85817163433
1.59481896379
6.38877775555
15.9282856571
13.9304860972
21.4351870374
13.901180236
9.99149829966
7.22674534907
-2.50560112023
-8.48779755951
-18.4171834367
-26.7607521504
-30.9269853971
-32.7684536907
-32.9553910782
-28.9476895379
-25.2700540108
-26.5
-28.349169834
-28.75065013
-35.2729545909
-42.6022204441
-44.6062212442
-42.0
-43.0
-35.5733146629
-26.8221644329
-8.78945789158
-4.60972194439
13.3594718944
22.5769153831
37.8377675535
38.225145029
50.1634326865
58.8013602721
62.2341468294
64.1070214043
74.4477895579
92.1233246649
100.919983997
106.887877576
120.474494899
145.328865773
143.428185637
148.862172434
145.891678336
150.208941788
145.701240248
142.572614523
135.871674335
137.821864373
141.840868174
137.366773355
136.00770154
138.205341068
135.371674335
127.0
124.633526705
108.733046609
114.802960592
82.7921584317
71.7059411882
61.1714342869
60.7198439688
46.0
34.7182436487
37.3294658932
41.2875575115
35.0395079016
20.2614522905
14.7620524105
17.4343868774
-1.30656131226
-18.0050010002
-17.2667533507
-18.9855971194
-25.849469894
-24.350970194
-32.5375075015
-19.7938587718
-14.4470894179
-24.8484696939
-15.9098819764
-11.3479695939
-6.99769953991
-14.6371274255
-19.3039607922
-16.6409281856
-13.5782156431
-13.1833366673
-15.6299259852
-4.18813762752
4.17733546709
-0.693938787758
2.51780356071
7.41578315663
1.01420284057
1.0
-7.5050010002
-17.800760152
-14.4652930586
-24.6780356071
-30.0
-24.7300460092
-31.7377475495
-32.1318263653
-36.6234246849
-43.326165233
-45.9628925785
-49.0856171234
-59.6481296259
-70.3958791758
-75.4012802561
-85.5041008202
-93.1295259052
-89.8387677536
-96.2452490498
-94.6689337868
-91.2721544309
-101.470094019
-98.2219443889
-96.6313262653
-98.1236247249
-96.576115223
-96.1212242448
-92.5013002601
-91.8607721544
-89.7074414883
-86.3064612923
-78.7211442288
-73.0620124025
-70.7284456891
-62.4300860172
-60.2694538908
-57.4531906381
-49.1442288458
-41.9841968394
-41.9918983797
-37.9989998
-33.0073014603
-32.0
-26.0
-25.5456091218
-24.1524304861
-20.0
-19.3929785957
-21.9693938788
-22.5088017604
-25.1149229846
-25.5
-27.0
-29.200140028
-28.0
-23.9226845369
-24.3157631526
-25.9457891578
-24.4308861772
-24.8540708142
-28.5
-31.5080016003
-40.323864773
-37.8383676735
-37.2233446689
-38.5
-39.199839968
-31.9150830166
-27.0381076215
-18.8614722945
-13.6919383877
-13.2383476695
-11.6230246049
-11.3693738748
-12.0
-8.76915383077
-10.4462892579
-14.1768353671
-5.31516303261
0.600120024004
10.1155231046
13.2230446089
18.0462092418
20.5077015403
30.6461292258
36.3076615323
38.1769353871
35.3615723145
31.9231846369
28.0615123025
27.0770154031
25.6076215243
32.299559912
34.2766553311
40.1232246449
44.49929986
52.5
50.1228245649
55.0
55.9769953991
51.3850770154
49.9540908182
44.4541908382
45.4771954391
39.4924984997
43.99939988
40.5395079016
47.8829765953
50.3315663133
48.9689937988
55.9983996799
57.5928185637
56.9393878776
59.4072814563
51.2847569514
50.4613922785
48.0
41.6852370474
50.00080016
47.9459891978
57.2685537107
56.9382876575
62.4466893379
63.2223444689
60.8232646529
55.8084616923
55.4786957391
45.3392678536
49.6773354671
44.8700740148
40.2681536307
40.400880176
42.5837167433
43.1079215843
48.4470894179
42.8468693739
41.6084216843
34.2399479896
36.1402280456
26.2861572314
13.3848769754
12.5549109822
10.5703140628
10.9142828566
9.0
9.69173834767
14.9600920184
17.3236647329
15.4156831366
15.0
12.2701540308
8.88617723545
0.724344868973
-5.57531506301
-13.0
-12.5368073615
-15.3929785957
-15.799659932
-18.4960992198
-10.0
-7.11432286457
-5.86297259452
-6.0
-11.1062212443
-11.6362272454
-19.650830166
-28.0150030006
-27.0446089218
-31.5073014603
-33.2396479296
-31.49959992
-29.0085017003
-23.0081016203
-25.5956191238
-19.5790158032
-23.9213842769
-24.9764952991
-26.5585117023
-33.9375875175
-33.2103420684
-30.3832766553
-29.5855171034
-27.5932186437
-27.3027605521
-18.325865173
-16.0
-17.875975195
-22.3158631726
-20.0
-21.3528705741
-21.0
-23.8188637728
-25.1595319064
-21.9830966193
-18.8712742549
-21.0
-16.2036407281
-11.2087417483
-11.5
-14.5
-13.1522304461
-18.7604520904
-24.5055011002
-29.2351470294
-33.5
-31.6148229646
-27.6951390278
-24.0
-21.173834767
-16.400580116
-17.8822764553
-18.1834366873
-19.5
-24.6762352471
-42.6318263653
-45.0
-45.3550710142
-39.725545109
-39.8885777155
-36.2081416283
-20.9293858772
-14.5532106421
-17.200640128
-6.63652730546
-10.625025005
-11.1134226845
-17.3395679136
-27.6806361272
-26.6712342468
-28.3879775955
-28.5371074215
-25.5294058812
-18.6089217844
-12.9719943989
-6.49369873975
-3.00350070014
3.72724544909
4.50840168034
6.02450490098
-2.88727745549
-2.65023004601
-4.5
-4.27765553111
-7.46849369874
-8.0
-8.03920784157
-6.77635527106
-11.2814562913
-7.09391878376
-4.49149829966
-2.19153830766
-2.12462492498
0.367673534707
0.5
4.44318863773
2.42228445689
-2.17373474695
-6.5
-6.83926785357
-4.40688137628
-6.54090818164
-5.39917983597
2.08131626325
9.02330466094
17.825765153
26.9539907982
32.5
32.7478495699
28.6222244449
20.0795159032
17.0838167634
12.6393278656
5.96139227846
14.4707941588
23.8017603521
30.6074214843
37.5914182837
39.0
39.5837167433
39.4895979196
38.8479695939
37.7113422685
29.7950590118
29.6289257852
25.7575515103
23.5
27.6058211642
30.9952990598
32.1808361672
39.7481496299
44.800060012
53.5673134627
58.149029806
61.5
60.9557911582
54.4269853971
50.4423884777
48.0
45.4798959792
42.2471494299
47.9909981996
56.2160432086
62.473894779
68.1370274055
71.9835967193
71.851270254
65.1687337467
56.9456891378
56.3727745549
54.1426285257
47.6580316063
45.3800760152
45.5
46.198939788
47.9450890178
54.0737147429
57.3121624325
58.1835367073
57.0703140628
48.824164833
46.5461092218
43.4867973595
39.7428485697
37.1978395679
32.5
32.5418083617
34.3932786557
41.2099419884
46.1294258852
52.6373274655
52.7330466093
48.8703740748
50.5031006201
45.7438487698
40.451190238
32.2435487097
24.4188837768
17.8934786957
17.7053410682
21.598819764
24.224844969
33.2289457892
37.174534907
38.3326665333
34.5113022605
32.424284857
29.5
22.8198639728
10.1150230046
4.25875175035
-2.25815163033
-3.5
0.0913182636532
3.76945389078
9.45529105821
16.7604520904
27.1169233847
30.0
27.8460692138
21.3473694739
13.6961392278
3.42948589718
-3.58201640328
-15.5064012803
-14.7474494899
-13.0052010402
-5.53090618124
5.43698739748
14.4485897179
18.4164832967
21.1883376675
17.6464292859
9.17383476695
-1.37157431486
-8.42638527706
-13.5
-19.825365073
-16.8800760152
-14.2054410882
-2.55211042208
2.21844368874
9.87417483497
19.6832366473
18.5
13.148929786
4.93978795759
-1.84266853371
-11.8978795759
-19.4803960792
-20.8125625125
-17.2378475695
-6.51420284057
2.44728945789
9.45439087818
16.9110822164
20.5
14.7413482697
11.2471494299
4.89187837567
-2.60332066413
-13.4556911382
-17.4402880576
-14.7875575115
-11.0905181036
-2.31036207241
6.63602720544
15.7724544909
22.5109021804
24.4168833767
21.1829365873
13.6704340868
5.46469293859
0.864572914583
-3.63862772555
-2.2400480096
-3.16303260652
1.36617323465
11.3876775355
18.9460892178
27.4537907582
37.426185237
38.2830566113
31.8539707942
25.1232246449
19.3709741948
16.3029605921
11.4447889578
7.9800960192
10.0122024405
15.5180036007
26.9887977596
40.9127825565
49.9441888378
57.4736947389
53.6530306061
51.6668333667
43.074114823
32.6713342669
28.1296259252
20.0725145029
15.5802160432
26.7060412082
35.5219043809
47.6817363473
61.3893778756
68.1438287658
69.1264252851
64.1706341268
53.1382276455
44.2476495299
33.3930786157
30.9973994799
32.6547309462
34.9589917984
42.3418683737
52.9127825565
62.6862372474
69.2221444289
71.3905781156
72.0898179636
67.5856171234
57.6129225845
49.7475495099
44.8933786757
41.3674734947
48.0681136227
52.298859772
58.3473694739
68.4082816563
76.7857571514
81.6887377475
84.8189637928
81.8166633327
78.2515503101
63.8944788958
56.549309862
52.8574714943
52.5674134827
51.1864372875
56.5374074815
63.7234446889
71.4479895979
71.4907981596
74.7341468294
74.0332066413
70.7071414283
61.4551910382
51.9132826565
48.349669934
45.8727745549
42.1041208242
43.5270054011
47.5
52.0290058012
55.7519503901
57.4980996199
57.4769953991
56.5096019204
52.8441688338
45.6211242248
40.1269253851
38.0
35.5
36.4345869174
39.2134426885
41.4191838368
40.4114822965
44.4518903781
44.8019603921
41.7232446489
38.8579715943
30.1270254051
24.4041808362
26.7151430286
26.349869974
27.0
24.1638327666
22.3267653531
22.6809361872
20.5
19.3481696339
19.7040408082
21.3558711742
19.3291658332
15.8635727145
12.7348469694
8.38617723545
10.25025005
7.65283056611
7.10152030406
7.06661332266
11.2189437888
7.78875775155
6.79645929186
3.48959791958
5.31186237247
8.31956391278
4.99089817964
1.7475495099
2.84266853371
3.94888977796
2.89517903581
5.86577315463
5.12652530506
2.76235247049
3.02780556111
0.655131026205
4.0
5.0
6.29015803161
4.03630726145
3.9350870174
2.82836567313
-1.45049009802
0.0209041808362
0.267053410682
2.98679735947
3.75935187037
7.49449889978
5.7549509902
7.5
6.73184636927
6.02970594119
7.34626925385
4.44718943789
3.18563712743
0.151830366073
-1.22084416883
0.933986797359
3.92628525705
5.0
4.58911782356
13.4190838168
18.1045209042
15.6122224445
13.1199239848
13.4361872374
14.3176635327
8.8575715143
7.80146029206
11.024704941
9.66853370674
13.5
18.1815363073
22.4322864573
26.1061212242
26.7046409282
27.2808561712
23.1100220044
18.5
16.3531706341
17.3715743149
17.5
19.8792758552
20.4674934987
21.8869773955
22.7958591718
27.8425685137
30.9455891178
33.8047609522
32.1562312462
31.1798359672
28.6557311462
25.924484897
24.9701940388
23.149029806
26.8206641328
28.200440088
31.4388877776
36.9137827566
44.4157831566
44.0
43.7024404881
39.5
40.0
35.9279855971
34.7178435687
33.5283056611
34.0
36.5824164833
41.5335067013
40.6290258052
46.7047409482
44.5
45.5027005401
45.5075015003
40.2309461892
37.5612122424
36.2359471894
33.125325065
33.3152630526
34.8463692739
35.4410882176
36.5
39.425685137
39.5410082016
38.5
38.9512902581
39.1051210242
36.2820564113
31.6897379476
31.4358871774
29.8640728146
30.2154430886
31.6973394679
32.5795159032
37.3333666733
39.151130226
43.4767953591
40.5949189838
40.8950790158
38.5131026205
34.0
28.6619323865
26.2283456691
24.3540708142
22.6406281256
26.1228245649
24.3612722545
27.900280056
28.225445089
26.2822564513
26.7899579916
23.9464892979
20.3053610722
19.3434686937
15.1415283057
11.0
9.25425085017
10.5
10.2968593719
12.2814562913
15.7660532106
17.874674935
20.8823764753
20.1950390078
17.7955591118
11.6082216443
7.36977395479
4.71044208842
4.0
2.43628725745
4.58401680336
6.27415483097
8.04060812163
10.2664532907
10.5
10.0
5.01470294059
5.49579915983
6.49159831967
2.71674334867
1.5525105021
2.0
0.518203640728
-0.227945589118
0.0
1.16073214643
2.43278655731
1.074914983
0.5
0.5
0.54900980196
0.105721144228
1.27315463093
-3.31056211242
-2.43558711742
-0.81826365273
-0.5
-1.52210442088
1.44128825765
1.66633326665
3.0
2.52410482096
1.0
0.952790558112
1.20584116823
1.35677135427
1.11062212442
1.04210842169
3.76335267053
3.25565113023
4.37807561512
5.5
3.86627325465
7.0
7.85857171434
6.41888377676
3.74564912982
7.80596119224
8.84316863373
9.58931786357
10.1645329066
9.39777955591
11.6889377876
12.926085217
11.6799359872
14.6689337868
12.3123624725
14.175535107
13.5
14.8048609722
16.624324865
19.4568913783
19.1570314063
21.5708141628
21.2184436887
20.5831166233
23.273854771
25.5
25.5
25.524604921
27.0
30.0092018404
31.0
30.5
30.0139027806
31.4567913583
32.0
31.0555111022
30.4105821164
30.9475895179
33.4398879776
31.1356271254
32.924484897
35.0416083217
34.6136227245
34.049309862
32.4094818964
33.8859771954
31.6891378276
32.1294258852
35.5443088618
33.5724144829
37.1525305061
37.3397679536
34.8339667934
34.5878175635
36.974994999
35.6910382076
35.1987397479
37.3967793559
38.2146429286
37.3327665533
40.2295459092
36.2372474495
37.7348469694
36.7473494699
35.8594718944
36.0
33.8878775755
35.6417283457
37.3132626525
37.350570114
36.4032806561
35.3142628526
34.8219643929
31.4944988998
33.0
30.6725345069
29.4263852771
30.3197639528
29.9340868174
29.1879375875
30.674634927
29.4781956391
28.5
31.6866373275
28.0856171234
26.9220844169
28.9297859572
27.6562312462
25.4725945189
25.0471094219
24.6182236447
23.3731746349
25.9879975995
25.0
26.9784956991
25.5027005401
23.0204040808
25.5290058012
21.0111022204
17.9700940188
18.5376075215
21.2273454691
22.8939787958
23.0
23.5684136827
21.3641728346
19.9161832366
21.0915183037
14.2976595319
12.6965393079
14.1146229246
11.6223244649
10.9349869974
10.3622724545
7.29085817163
11.6734346869
11.8216643329
11.3314662933
9.76435287057
14.0
11.0958191638
8.19933986797
7.31056211242
6.35737147429
6.7775555111
5.09521904381
6.40538107622
4.0
3.87337467494
5.88047609522
7.36567313463
8.77635527105
9.57391478296
8.0
8.05081016203
7.71074214843
4.97229445889
5.23384676935
3.0
5.0
3.98149629926
3.85337067413
4.5
4.06561312262
6.62352470494
8.44208841768
6.39187837567
3.60042008402
4.11092218444
1.6275255051
3.92268453691
4.5
4.34286857372
5.94578915783
2.5
4.11642328466
7.67223444689
5.97659531906
4.51570314063
4.01600320064
7.0
8.49629925985
10.7273454691
9.02280456091
6.06101220244
8.42358471694
7.18113622725
8.0
11.7193438688
13.3964792959
15.9232846569
18.5
18.2039407882
16.049909982
14.3924784957
14.1152230446
14.1229245849
13.5
14.0
15.0
16.6925385077
17.5
18.3308661732
17.1768353671
19.3422684537
19.4038807762
21.300060012
22.2076415283
21.5693138628
20.5
19.3268653731
18.7384476895
17.8807761552
18.6269253851
18.3576715343
18.9038807762
20.3345669134
21.6423284657
22.4152830566
21.450090018
22.0961192238
21.8154630926
22.2347469494
23.1728345669
19.5807161432
18.3656731346
19.6460292058
21.6383276655
22.8693738748
21.6885377075
20.2304460892
22.3924784957
20.549909982
17.3157631526
17.4155831166
17.4232846569
19.0
16.2193438688
16.5
18.7729545909
16.9617923585
14.2042408482
8.03420684137
11.2273454691
12.0
11.49909982
13.5040008002
16.5
14.5351070214
13.7655531106
12.9611922384
14.7267453491
15.0542108422
15.0
14.5696139228
14.8453690738
12.7550510102
12.5
14.349369874
10.0
7.3474694939
5.62352470494
2.13122624525
5.95839167834
2.85337067414
3.82716543309
7.0
5.33026605321
3.1774354871
3.0
1.19283856771
1.85027005401
0.791758351671
0.284056811362
1.72364472895
2.19403880776
-0.858571714342
-2.87337467493
-0.991098219645
-6.02430486097
-5.3650730146
-0.166333266653
-1.21474294859
-3.5
-4.34966993399
-5.88327665533
-5.7901580316
-5.82376475295
-7.83706741348
-7.91958391678
-9.13282656531
-8.70914182837
-6.0
-7.4349869974
-8.0
-6.88537707541
-5.10692138428
-6.14882976595
-7.61272254451
-4.79335867173
-6.27165433086
-10.3289657932
-8.62142428486
-7.47349469894
-6.77265453091
-5.0376075215
-6.7051410282
-4.54440888178
-6.48549709942
-7.0
-7.74954990998
-9.48709741948
-9.45109021805
-10.5360072014
-9.53170634127
-11.0
-11.7264452891
-9.94518903781
-8.4374874975
-8.14042808562
-4.36687337467
-4.0
-4.09331866373
-3.79795959192
-8.10872174435
-12.476095219
-11.624124825
-9.76365273055
-11.0
-11.1472294459
-4.01760352071
-4.82526505301
-6.82416483297
-8.67803560712
-7.5
-6.69343868774
-2.90228045609
-0.895579115823
0.00790158031396
-0.948489697939
-0.865973194639
-1.38017603521
-1.87897579516
-3.1275255051
-1.73724744949
0.959091818364
0.0
-0.642928585717
0.103220644129
1.5
2.59551910382
-0.208341668334
1.32436487297
2.66983396679
1.66023204641
3.1525305061
2.85517103421
2.68143628726
4.24114822964
2.74344868974
3.61402280456
2.59051810362
1.69723944789
2.90908181636
4.41678335667
6.51430286057
4.60172034407
5.9398879776
2.52620524105
6.04470894179
7.03700740148
4.73534706941
6.5
4.98609721944
8.49379875975
6.49849969994
9.49539907982
9.5
1.58611722344
3.76615323065
1.5400080016
1.82156431286
2.86147229446
1.5
3.46459291858
4.92148429686
4.54310862172
1.18783756751
3.39837967594
3.89067813563
2.2925585117
1.87527505501
0.566213242648
0.5
-0.778255651131
1.82776555311
0.5
-1.0
0.321364272855
-2.87267453491
-3.11192238448
-1.5
-2.29055811162
-2.5
-0.33726745349
-1.2325465093
1.25975195039
0.873974794959
-0.872174434887
-2.11832366473
-2.22894578916
-6.5
-6.64322864573
-4.5
-5.84906981396
-7.30956191238
-5.81726345269
-6.20014002801
-8.83266653331
-6.65963192639
-10.5
-9.42788557712
-8.95479095819
-10.5
-13.1211242248
-10.6134226845
-15.3171634327
-15.4019803961
-14.3193638728
-16.4173834767
-15.8623724745
-17.4663932787
-17.0595119024
-16.5
-16.9558911782
-18.4271854371
-17.5574114823
-16.5210042008
-18.0
-18.4887977596
-18.7447489498
-21.4901980396
-21.0
-22.0126025205
-22.7335467093
-22.5
-19.1449289858
-21.275955191
-21.2181436287
-22.9642928586
-22.2104420884
-20.6736347269
-21.4054810962
-23.2955591118
-23.0851170234
-25.0588117624
-27.3126625325
-26.3669733947
-28.0
-23.7968593719
-21.8122624525
-21.3361672334
-21.8357671534
-20.5
-21.1565313063
-21.5
-24.4464892979
-25.7100420084
-23.2177435487
-24.274554911
-23.099719944
-20.5
-19.625725145
-19.2437487498
-21.2639527906
-21.1358271654
-21.6103220644
-22.7870574115
-23.8078615723
-21.8024604921
-21.8101620324
-19.8178635727
-20.325565113
-21.5
-20.6590318064
-19.8486697339
-19.6436287257
-21.7718543709
-20.3717743549
-20.5
-19.8871774355
-22.7102420484
-18.4512902581
-19.0897179436
-16.5
-17.3513702741
-14.6332266453
-14.6616323265
-18.5
-19.7717543509
-16.5
-14.9718943789
-16.4591918384
-16.525405081
-15.9974994999
-11.5
-14.5
-14.5362072414
-13.9354870974
-13.4329865973
-14.5
-14.725545109
-16.5566113223
-13.5
-13.0360072014
-13.9202840568
-17.1940388078
-12.8926785357
-10.6028205641
-11.0263052611
-14.2635527105
-12.8129625925
-11.5668133627
-11.7173434687
-12.5
-10.4701940388
-8.08221644329
-8.84426885377
-8.14032806561
-7.875075015
-7.5976195239
-4.83676735347
-9.5
-8.4224844969
-8.95209041808
-7.33436687337
-5.25855171034
-3.75085017003
-6.5
-8.08861772355
-7.04450890178
-12.1100220044
-12.7876575315
-9.5
-10.8938787758
-6.5
-7.5
-9.5
-7.16773354671
-7.73764752951
-9.19853970794
-4.5
-5.13532706541
-4.62762552511
-6.45019003801
-5.27555511102
-4.70904180836
-4.59681936387
-4.91088217643
-5.33716743348
-2.5
-7.09901980396
-9.5
-4.5
-5.58581716343
-7.5176035207
-7.4449889978
-8.5
-7.01210242048
-10.5
-9.5
-9.51100220044
-10.7406481296
-10.4867973595
-10.5
-10.5418083617
-9.54950990198
-10.3855771154
-9.80526105221
-9.64522904581
-9.03110622124
-8.41198239648
-10.2021404281
-8.55171034207
-8.66663332667
-9.7376475295
-11.4397879576
-12.2315463093
-15.1419283857
-14.350370074
-13.3566713343
-16.6650330066
-15.1727345469
-13.6804360872
-17.5
-15.5
-16.5
-13.9224844969
-13.5
-18.0467093419
-17.5
-18.2579515903
-17.0005001
-17.7574514903
-21.2651530306
-19.5
-19.0611122224
-18.2117423485
-17.0101020204
-17.1073214643
-18.7829565913
-20.1381276255
-20.9802960592
-19.6638327666
-19.6578315663
-20.674934987
-17.7136427285
-18.8652730546
-20.3729745949
-18.1193238648
-21.5
-20.2921584317
-18.3075615123
-19.5598119624
-18.7424484897
-19.3537707541
-19.5
-18.9422884577
-19.974994999
-21.0423084617
-20.5173034607
-19.5
-18.5384076815
-19.9654930986
-19.4961992398
-18.2441488298
-19.4883976795
-21.2017403481
-20.5540108022
-20.7673534707
-23.4151830366
-24.050110022
-22.9710942188
-20.3689737948
-21.1098219644
-22.7904580916
-20.5886177235
-20.6055211042
-21.5
-21.5293058612
-20.5
-18.5
-16.5674134827
-16.7850570114
-15.5
-14.5131026205
-14.7484496899
-19.5
-16.6810362072
-18.1225245049
-17.8928785757
-19.2041408282
-16.2118423685
-18.0609121824
-19.0
-17.1024204841
-16.8786757351
-15.74964993
-15.0161032206
-16.5
-17.9530906181
-17.5
-16.7888577716
-16.7034406881
-17.9563912783
-16.0641128226
-14.9794958992
-14.6547309462
-14.1649329866
-14.0
-13.149529906
-15.9290858172
-15.8658731746
-15.7528505701
-16.1906381276
-15.2779555911
-13.6983396679
-13.4043808762
-11.8516703341
-12.3395679136
-11.0687137427
-10.6296259252
-13.0571114223
-11.1235247049
-9.95829165833
-10.4659931986
-10.7631526305
-12.5
-13.5
-12.5064012803
-10.0090018004
-9.51220244049
-9.31966393279
-10.4171834367
-11.1970394079
-10.0215043009
-11.775355071
-12.5
-11.0661132226
-10.4630926185
-10.6277255451
-10.5446089218
-13.3061612322
-13.7615523105
-13.5
-10.4399879976
-10.9415883177
-10.0
-8.82156431286
-10.349169834
-9.17073414683
-10.5
-10.826065213
-11.3183636727
-10.1893378676
-9.69703940788
-10.6476295259
-12.8937787558
-12.3600720144
-11.2721544309
-10.1322264453
-10.6216243249
-9.5
-10.0173034607
-9.96729345869
-9.5
-12.3273654731
-15.3552710542
-15.5
-13.6524304861
-11.0
-10.300660132
-13.6720344069
-17.8286657331
-10.3915783157
-12.5266053211
-12.9236847369
-15.8664732947
-17.8708741748
-13.5453090618
-12.1656331266
-12.3972794559
-11.7375475095
-14.325365073
-13.5796159232
-14.5
-13.8394678936
-13.4477895579
-11.548809762
-12.7294458892
-14.4164832967
-14.8399679936
-15.0270054011
-14.224244849
-13.9947989598
-12.9948989798
-12.9871974395
-17.9794958992
-16.5705141028
-18.7320464093
-17.4563912783
-14.3269653931
-15.9704940988
-12.3665733147
-14.9627925585
-13.0821164233
-17.3203640728
-17.701240248
-18.3947789558
-16.5
-13.3618723745
-16.7566513303
-14.3639727946
-15.8562712543
-15.075715143
-15.6930386077
-14.5839167834
-16.5118023605
-16.9088817764
-17.0
-13.598819764
-13.0893178636
-13.926085217
-17.5
-16.1142228446
-14.4722944589
-14.6342268454
-14.9968993799
-16.2592518504
-12.849569914
-15.049309862
-15.3911782356
-14.3549709942
-15.101120224
-12.1527305461
-16.1263252651
-17.1978395679
-15.5857171434
-18.1637327465
-17.5
-16.0275055011
-15.6406281256
-17.8670734147
-16.5
-16.1175235047
-16.0549109822
-15.2957591518
-13.3111622324
-15.0535107021
-11.3419683937
-12.0713142629
-11.0954190838
-11.3881776355
-9.54820964193
-10.7702540508
-10.9671934387
-11.025105021
-11.9912982597
-13.0097019404
-14.4979995999
-13.9828965793
-11.0603120624
-13.0211042208
-13.4855971194
-12.5
-11.8894778956
-11.9480896179
-12.649029806
-12.7836567313
-12.5
-12.0827165433
-10.4095819164
-11.8037607522
-14.0529105821
-12.3864772955
-14.0
-16.3144628926
-16.0
-13.3221644329
-13.423984797
-13.3402680536
-12.6674334867
-15.1624324865
-16.4085817163
-19.6547309462
-15.9955991198
-18.4410882176
-18.6068213643
-19.3606721344
-16.2290458092
-16.5265053011
-17.1111222244
-15.2478495699
-14.7598519704
-16.6513302661
-12.5
-15.1085217043
-14.4359871974
-14.0041008202
-16.1121224245
-14.8724744949
-15.5
-15.0854170834
-15.8368673735
-13.8445689138
-16.4715943189
-13.0601120224
-15.3676735347
-18.375375075
-20.1169233847
-21.8361672334
-18.6015203041
-18.5938187638
-21.5
-19.5392078416
-19.5
-20.9684936987
-21.0553110622
-19.4523904781
-16.5
-18.5322064413
-19.7622524505
-19.9915983197
-19.0091018204
-20.5
-20.7531506301
-20.9859971994
-23.5
-20.5
-19.5
-18.0672134427
-20.0525105021
-16.5903180636
-18.5
-19.348769754
-16.5
-19.3179635927
-19.2961592318
-19.3935787157
-19.8858771754
-18.1218243649
-19.1295259052
-20.6569313863
-20.9673934787
-20.1947389478
-21.1603320664
-21.6680336067
-20.9863972795
-20.6834366873
-19.1177235447
-21.099419884
-22.0869173835
-25.5
-25.6390278056
-27.2703540708
-29.5
-30.0099019804
-27.2527505501
-25.2604520904
-23.2681536307
-23.224144829
-23.0671134227
-22.5
-21.5
-20.3466693339
-24.2784556911
-23.3051610322
-23.425585117
-24.3374674935
-25.1903380676
-23.9706941388
-23.6394278856
-24.0524104821
-24.875975195
-22.3081616323
-22.2172434487
-22.0986197239
-22.2669533907
-24.0855171034
-24.6556311262
-26.3551710342
-26.5312062412
-25.8905781156
-26.9294858972
-24.7696539308
-25.4367873575
-21.5
-23.5
-23.2627525505
-23.50080016
-25.5138027606
-25.4634926985
-27.7388477696
-29.4849969994
-25.3065613123
-22.5454090818
-25.3937787558
-24.1216243249
-23.7842568514
-27.3475695139
-26.5
-26.0458091618
-22.099319864
-22.4464892979
-23.5779155831
-24.6224244849
-25.2397479496
-24.6378275655
-23.7910582116
-22.5
-25.8390678136
-24.6686337267
-24.4709941988
-24.8680736147
-23.8082616523
-24.699439888
-23.5
-25.2851570314
-21.5
-24.3848769754
-24.3689737948
-19.7456491298
-22.5
-22.5
-24.1531306261
-25.8088617724
-22.5
-23.2081416283
-21.300660132
-20.7681536307
-20.5
-21.5
-22.9910982196
-20.823864773
-22.8084616923
-21.5604120824
-21.5
-21.5
-18.2531506301
-19.7314462893
-22.5
-20.199839968
-20.5
-20.7924584917
-20.8069613923
-19.8542708542
-23.3763752751
-22.0541108222
-23.5
-22.0387077415
-24.5310062012
-26.9766953391
-23.5156031206
-23.4841968394
-25.50040008
-26.5
-27.5152030406
-24.5
-22.5306061212
-20.0383076615
-21.4539907982
-19.9462892579
-18.5614122825
-22.7845569114
-24.4231846369
-25.3309661932
-24.5922184437
-24.5
-22.7152430486
-24.1153230646
-24.3769753951
-21.5
-22.3615723145
-22.5
-18.8076615323
-20.9922984597
-18.5
-19.8230646129
-21.5
-20.4229845969
-22.700040008
-23.0845169034
-23.9308861772
-21.2231446289
-22.9228845769
-23.7614522905
-21.6231246249
-23.2539507902
-22.5
-23.2693538708
-21.6385277055
-19.3609721944
-22.0849169834
-23.5
-21.5
-24.3155631126
-19.1616323265
-23.5
-24.9919983997
-24.5
-26.0311062212
-23.3455691138
-23.8694738948
-22.5
-23.2697539508
-20.6074214843
-22.099719944
-22.5460092018
-20.3313662733
-20.5766153231
-22.7155431086
-21.9693938788
-22.3302660532
-21.5
-22.5
-22.5
-22.7386477295
-23.9774954991
-22.5
-22.49959992
-20.2540508102
-19.5158031606
-23.0235047009
-22.5
-23.5
-23.5
-25.6142228446
-26.5930186037
-25.0697139428
-24.0387077415
-24.6702340468
-23.4071814363
-20.800260052
-18.6082216443
-22.8079615923
-21.8145629126
-22.5
-23.0
-23.2934586917
-24.2683536707
-21.675735147
-23.1698339668
-24.8224644929
-25.4073814763
-21.7323464693
-21.299359872
-20.2083416683
-20.3919783957
-20.9143828766
-19.9628925785
-20.2608521704
-20.5
-22.1227245449
-21.6311262252
-19.5399079816
-17.3611722344
-17.8926785357
-20.2069413883
-19.8984796959
-20.4626925385
-20.5
-17.8096619324
-19.5
-18.8214642929
-22.5
-22.5
-23.6376275255
-25.8149629926
-23.3777755551
-21.8072614523
-19.6068213643
-20.299559912
-20.3628725745
-18.9162832567
-19.423984797
-18.8524704941
-17.6212242448
-18.9470894179
-20.9321864373
-19.5
-19.4552910582
-18.3052610522
-18.5
-19.5
-17.5020004001
-18.7456491298
-21.4835967193
-21.4517903581
-19.0477095419
-21.0395079016
-20.5
-19.1647329466
-21.2182436487
-22.3593718744
-22.5780156031
-24.2071414283
-21.7802560512
-21.199439888
-24.8911782356
-21.2669533907
-21.624224845
-21.5521104221
-22.6396279256
-20.4709941988
-22.1899379876
-21.5
-19.5
-22.4655931186
-23.4645929186
-25.0
-23.5
-23.2723544709
-21.5667133427
-20.1378275655
-21.1160232046
-21.3698739748
-22.0
-20.4896979396
-22.0
-21.6147229446
-21.5565113023
-20.4280856171
-22.0
-23.900680136
-25.1909381876
-24.0916183237
-24.824464893
-23.5839167834
-21.6699339868
-21.423784757
-22.0
-22.3629725945
-20.3146629326
-20.4391878376
-22.7278455691
-23.0
-22.5
-22.5
-24.5831166233
-21.0377075415
-23.7838567714
-24.9099819964
-23.3284656931
-23.4776955391
-22.5
-23.4561912382
-22.5215043009
-21.0
-22.5
-23.99919984
-21.5
-21.5340068014
-21.7129425885
-22.4837967594
-23.3101620324
-20.023904781
-20.5
-20.5
-22.5
-20.1179235847
-21.3273654731
-23.4059811962
-25.0974194839
-21.8282656531
-24.3513702741
-23.25035007
-24.6837367473
-26.2195439088
-24.8520704141
-22.8112622524
-23.8266653331
-21.4144828966
-23.5181036207
-24.0339067814
-23.5412082416
-23.9953990798
-23.8547709542
-21.6517303461
-22.5
-22.0
-22.6298259652
-25.7558511702
-22.6336267253
-24.2365473095
-22.199039808
-23.1634326865
-20.5
-20.5
-19.3019603921
-19.1548309662
-20.8173634727
-19.0
-15.75085017
-17.5
-18.8481696339
-20.1441288258
-19.2271454291
-15.6856371274
-19.1210242048
-18.6133226645
-21.8943788758
-18.8041608322
-21.3646729346
-17.0
-18.4625925185
-20.350670134
-18.9405881176
-17.775855171
-17.5440088018
-21.2681536307
-20.5286057211
-20.2186437287
-20.4933986797
-19.0
-17.0044008802
-17.0
-14.5176035207
-16.025305061
-18.9669933987
-17.1889377876
-16.5484096819
-14.5
-14.0638127626
-15.7857571514
-12.6584316863
-19.826165233
-16.1419283857
-17.198839768
-16.9449889978
-16.3088617724
-19.74914983
-18.6331266253
-15.0704140828
-15.4727945589
-15.6875375075
-16.0
-18.0
-15.0
-16.7194438888
-18.1526305261
-18.0
-17.775355071
-17.7821564313
-18.0
-15.1166233247
-13.8704740948
-13.375675135
-14.3781756351
-16.7359471894
-17.2282456491
-15.2794558912
-13.3935787157
-14.7051410282
-12.9076815363
-14.1038207642
-15.0449089818
-14.5115023005
-11.75005001
-13.3178635727
-14.8487697539
-13.6435287057
-17.0
-14.3718743749
-14.6806361272
-17.1936387277
-15.8949789958
-14.7013402681
-12.6344268854
-13.4180836167
-11.0
-10.0
-11.4411882376
-11.0
-10.0434086817
-10.7678535707
-13.4859971994
-12.0
-11.025205041
-10.9852970594
-14.9887977596
-14.7447489498
-14.5091018204
-13.474094819
-14.0336067213
-13.6880376075
-15.049009802
-13.8350670134
-11.5
-11.6418283657
-13.0399079816
-12.324964993
-13.1904380876
-10.4043808762
-10.3340668134
-13.7633526705
-10.7520504101
-12.2674534907
-13.2878575715
-11.350870174
-14.9215843169
-12.0
-10.0861172234
-11.6600320064
-11.375275055
-13.0
-12.8984796959
-13.2231446289
-14.0
-13.0
-12.2338467694
-12.6123224645
-13.875375075
-10.7291458292
-9.26465293059
-8.22764552911
-8.5601120224
-10.8632726545
-8.40908181636
-7.39367873575
-10.0
-8.54430886177
-11.6525305061
-10.6679335867
-8.65833166633
-7.72594518904
-9.5
-12.8647729546
-10.1862372474
-11.8801760352
-11.3060612122
-11.4477895579
-9.0
-7.91098219644
-7.70934186837
-4.68403680736
-11.1318263653
-11.0582116423
-11.724744949
-9.02140428086
-8.46489297859
-12.4725945189
-9.48029605921
-10.0
-9.0
-10.9965993199
-7.0
-8.50940188038
-9.52650530106
-6.98289657932
-10.4580916183
-9.52480496099
-10.4426885377
-11.5325065013
-10.4272854571
-12.0804160832
-6.82376475295
-6.19163832767
-7.0
-6.0
-8.5
-7.56331266253
-7.5
-6.85797159432
-10.4237847569
-6.8425685137
-8.6651330266
-11.5679135827
-9.61812362473
-12.2823564713
-14.1081216243
-11.7127425485
-13.0
-14.0
-11.5
-10.8827765553
-10.6132226445
-12.25045009
-12.1363272655
-11.2652530506
-11.3864772955
-9.0
-8.42328465693
-7.94408881776
-7.59811962393
-10.0
-10.8191638328
-10.1731346269
-8.33086617324
-7.68453690738
-8.849969994
-7.64232846569
-7.86537307461
-7.94038807762
-5.76155231046
-6.22304460892
-7.15573114623
-5.80776155231
-8.86737347469
-5.0
-6.0
-5.71734346869
-6.0576115223
-4.90018003601
-4.89447889578
-5.06901380276
-6.02680536107
-7.51910382076
-6.01710342069
-5.49629925985
-6.49799959992
-6.51170234047
-7.49029805961
-4.94578915783
-6.0
-5.9574914983
-7.10042008401
-6.44208841768
-8.03280656131
-5.71334266853
-6.45949189838
-5.41128225645
-4.64462892578
-7.0
-7.83226645329
-8.69023804761
-8.12722544509
-6.6349269854
-5.0
-5.0
-7.76295259052
-4.33566713343
-5.34686937387
-4.36227245449
-2.0
-3.0
-4.69363872775
-2.0
-4.56071214243
-5.86367273455
-4.0
-5.48549709942
-4.49909981996
-4.89537907581
-6.73414682937
-5.83966793359
-5.28125625125
-4.78895779156
-3.0
-4.80436087217
-7.37587517504
-7.0
-2.98239647929
-3.74724944989
-5.32856571314
-4.57471494299
-6.64172834567
-6.73194638928
-5.62632526505
-5.0
-2.38907781556
-7.55161032206
-5.60672134427
-5.36827365473
-7.16023204641
-5.5724144829
-5.87057411482
-1.0
-3.77465493099
-3.08321664333
-4.0
-4.53930786157
-4.20374074815
-3.0
-4.49689937988
-5.98619723945
-4.48769753951
-3.0300060012
-3.52770554111
-3.03540708142
-7.45689137828
-7.0
-1.72074414883
-2.0
-3.42608521704
-1.24484896979
-1.0
-1.80596119224
-1.39527905581
-2.8875775155
-1.43018603721
-5.74434886978
-0.63552710542
-2.85677135427
-2.69813962793
-1.15863172634
-2.66633326665
-3.0
-2.63652730546
-3.18943788758
-3.95429085817
-3.6024204841
-2.64372874575
-2.22024404881
-2.72794558912
-3.52870574115
-4.12832566513
-0.753150630124
-3.0
-2.0
-1.5
-1.92278455691
0.0
-1.40548109622
-4.2074414883
-0.343668733747
-1.58981796359
-3.0
-3.67153430686
-3.65653130626
-1.59531906382
-5.35887177436
-5.79985997199
-4.31286257251
-5.0
-4.08451690338
-3.10262052411
-1.4050810162
-2.82556511302
0.71024204841
-1.0
-2.71794358872
-1.05641128226
-1.54870974195
-3.0
-0.466693338667
-2.94878975795
-1.75895179036
-2.03060612122
-4.74624924985
-2.00520104021
-1.0
-2.98969793959
-1.0
-1.0
1.54370874175
0.0
1.33866773355
-1.06681336267
-1.0
0.0
-1.82016403281
0.804760952193
-0.605321064213
0.55651130226
-2.0
0.128425685136
-1.63612722545
0.712342468494
-0.651530306061
-1.68153630726
-1.0
-0.825365073015
2.04700940188
-0.1900380076
-2.0
-4.58911782357
-3.0
-4.0
-4.54290858172
-0.0631126225235
-1.48789757951
-2.37417483497
-0.721944388877
-2.1676335267
-0.612622524505
-1.0
-3.0
-1.29785957191
-2.20834166833
-1.68673734747
-1.17903580716
-0.657331466293
0.254550910181
1.48389677936
-1.85177035407
-2.64052810562
-1.13282656531
0.812562512503
0.176135227045
-0.609721944389
-2.60202040408
-1.10852170434
-0.956691338267
0.131626325265
-0.5
1.69053810762
-1.94418883777
0.451890378075
-0.979795959192
0.532706541309
-1.5375075015
-1.0
-1.98079615923
0.252850570116
-0.988397679539
0.75675135027
0.0
3.73554710942
0.0366073214627
0.0886177235443
-0.10402080416
0.0597119423874
1.93258651731
0.287557511502
0.082816563312
3.40948189638
3.04910982196
0.591118223645
-0.886377275456
1.55331066213
1.43548709742
2.0
1.92778555711
1.15213042608
1.68033606722
0.666233246649
2.5876175235
5.0
3.0
5.24584916983
0.0
1.0
2.88927785557
0.229145829166
1.64472894579
-0.5
-1.0
0.379975995199
0.732346469294
0.0
1.85847169434
1.41848369674
1.94768953791
5.0
3.15693138628
2.82156431286
2.16463292658
3.90758151631
2.68933786757
1.92618523705
1.6800360072
1.0
4.49809961993
1.82476495299
0.390878175634
1.84786957391
0.890578115625
2.45699139828
0.0783156631333
0.858771754349
-1.0
0.417183436687
2.1900380076
1.92038407681
1.06421284257
0.0
0.5
-0.490998199639
2.25065013003
1.00320064013
3.48589717944
1.02180436087
4.26475295059
1.01860372074
1.5449089818
2.4473894779
0.780156031205
-0.46599319864
0.287857571514
1.374874975
-0.386677335465
1.04940988198
3.60652130426
3.55711142228
2.75615123025
0.824064812962
3.0
1.7099419884
5.61092218443
2.83956791358
4.0
4.0
2.84176835367
1.59561912382
2.39787957591
2.48339667934
3.57151430286
2.88897779556
0.270254050811
0.856171234245
1.0
1.0
1.11972394479
2.0
0.336067213445
0.641828365673
0.395679135827
2.0
1.0
1.37107421484
0.0
0.670134026806
0.837567513501
3.30946189238
3.85297059412
4.27865573115
2.93418683737
0.376075215043
1.05811162232
3.60852170434
3.74794958991
2.77935587117
2.08541708342
4.13342668534
3.0
0.875375075015
1.58191638328
3.22654530906
1.0
1.46849369874
2.97619523905
1.0
-1.00840168034
-0.249649929986
-1.0
-0.485297059413
-0.0224044808947
0.469893978796
-0.962192438488
0.545509101819
1.42018403681
1.87817563513
2.20584116823
2.8473694739
1.08401680336
4.0
4.09941988398
3.80356071214
3.88517703541
3.3774754951
2.26045209042
4.36207241448
4.14562912582
5.0
3.83896779356
5.16563312663
1.52930586117
7.0
3.80816163233
5.0
4.10362072414
0.570114022805
2.05661132226
2.73034606921
1.76195239048
0.25425085017
3.0
2.76115223045
4.82786557312
5.22344468894
6.28425685137
1.58391678335
2.70034006802
2.38527705541
7.3698739748
4.0
6.33476695339
2.32366473295
6.34586917383
4.85357071414
5.45809161833
2.26205241048
6.62332466493
4.82656531306
4.91188237648
5.89977995599
6.70374074815
6.08481696339
7.42288457691
5.86117223445
4.12342468494
1.16203240648
6.13422684537
9.36487297459
5.29635927186
3.04640928186
6.0
4.98829765953
3.50010002
5.0076015203
3.0
4.95399079816
5.0
3.03840768154
3.09221844369
1.94618923785
5.43848769754
6.53460692138
4.57691538308
3.0
3.81536307262
6.899979996
5.30386077215
3.94228845769
4.93468693739
7.73834766954
5.81926385277
5.85377075415
5.0
5.16163232646
4.0
4.08851770354
6.31526305261
7.8075615123
8.40028005601
8.18823764753
6.85337067414
5.78135627125
4.26905381076
6.88067613523
6.0
6.0
7.23824764953
7.26945389078
4.77715543109
5.0
4.01860372075
7.34986997399
4.61592318464
4.0
6.0
6.0
6.74184836967
7.17323464693
6.21874374875
6.72374474895
6.0
5.5
4.9424884977
4.5
1.09961992399
0.612122424483
4.04210842169
5.0
4.0
5.56111222245
5.05341068214
7.0
6.07601520304
5.67423484697
4.02260452091
5.4850970194
4.51800360072
5.0
7.0
6.74204840968
7.48819763953
8.0626125225
6.48049609922
5.77335467093
7.94558911782
4.78105621124
3.5349069814
4.0775155031
3.9573914783
4.09291858372
4.79875975195
3.10832166433
3.88397679536
3.5
5.80286057212
4.9173834767
8.41268253651
5.65453090618
7.83776755351
6.3300660132
9.91118223645
5.0
7.71044208842
7.20074014803
6.39577915583
5.28385677136
3.67153430686
6.73154630926
4.26075215043
4.0
5.87267453491
6.23764752951
7.2700540108
6.22224444889
7.0
7.48289657932
6.0
7.59571914383
7.68373674735
6.82396479296
5.66833366673
4.83936787357
3.84706941388
5.0
5.31876375275
4.51930386078
5.3225645129
5.55721144229
5.30336067213
7.70294058811
8.36527305462
5.12542508502
7.84816963393
6.06821364273
5.93948789758
8.10562112422
7.63722744549
5.0374074815
7.47029405881
5.01100220044
5.48569713943
4.52310462093
7.50110022004
7.49559911982
8.03300660132
5.5
8.0
6.98019603921
5.54730946189
7.0
7.0
2.14082816563
3.15623124625
2.82836567314
4.0
5.0
4.5
2.11662332466
4.37567513503
5.0
5.68013602721
5.07371474295
4.1724344869
5.5
4.67053410682
3.08911782356
5.0
5.09681936387
5.70134026805
5.18643728746
6.64162832567
7.72444488898
6.26785357071
5.8800760152
5.7475495099
5.25525105021
5.23704740948
6.0
4.8324664933
8.0
5.79375875175
5.69853970794
5.59541908382
5.0
6.82456491298
3.66453290658
1.0
1.82616523305
4.35537107421
4.27385477096
7.06461292259
4.75695139028
3.77235447089
5.81836367274
5.90158031606
2.40928185637
1.08301660332
3.78765753151
4.0
6.0
5.0
3.45549109822
5.88957791558
5.58731746349
1.52140428086
3.0
4.99399879976
3.0
4.0
3.48289657932
6.5
4.9349869974
6.0201040208
6.09581916383
7.88877775555
7.0
5.53550710142
6.57871574315
4.08641728346
2.59411882376
7.59271854371
6.39047809562
6.11722344469
7.06231246249
5.56631326265
4.03950790158
3.64802960592
0.344268853771
2.08171634327
2.34226845369
2.6423284657
2.0
4.80576115223
4.94708941788
4.20964192838
4.57601520304
5.9373874775
3.5
4.62022404481
5.0
6.74414882977
6.0
6.0
5.44208841768
2.8599719944
4.79435887177
6.39587917584
7.38047609522
9.0
6.0
8.66713342669
8.31886377275
7.5224044809
6.85597119424
5.36367273455
6.74274854971
5.86277255451
4.56611322265
7.18343668733
8.45109021804
6.61482296459
9.0
6.0
7.29895979196
1.0
5.0
4.0
6.0
5.94298859772
6.98959791958
6.02620524105
6.49459891978
6.0
5.9949989998
4.77655531106
3.53810762152
4.76655331066
3.89797959592
3.77425485097
6.8875775155
5.34586917383
7.92838567714
8.42068413683
7.08701740348
6.20264052811
6.1024204841
6.1949389878
5.0
6.18723744749
6.13322664533
8.46139227845
6.85137027405
6.0
5.75395079016
7.0076015203
7.0
7.0
5.0
6.4050810162
5.78975795159
3.64102820564
1.61282256451
4.73334666933
5.75895179036
2.4974994999
1.0
1.0
4.45629125825
5.72044408882
3.14362872574
5.48739747949
4.0
3.09481896379
4.0
0.174234846971
1.0
2.84116823365
2.0
4.07171434287
2.18213642729
1.12802560512
1.75935187037
-0.112622524506
0.0123024604918
2.0
2.0
4.62272454491
0.490598119624
3.73434686937
3.01420284057
2.10202040408
0.826765353071
5.0
5.05581116223
1.97979595919
2.75625125025
2.9975995199
2.49709941988
5.98939787958
1.51830366073
2.02600520104
1.23314662933
0.520704140828
1.64732946589
-0.0568113622721
-2.0
-1.07221444289
-0.5
-0.912382476496
0.0
-0.10302060412
-1.0
1.76315263053
0.626125225044
1.86617323465
-1.0
0.0
-1.0
0.835367073416
1.98299659932
0.950090018003
1.0
4.41368273655
2.40628125625
3.0
-0.155631126223
1.83936787357
3.53210642128
2.48329665933
1.25065013003
0.514102820562
0.764752950588
-2.13622724545
-0.560312062411
0.287857571513
-1.40888177636
-0.60652130426
1.62192438488
-0.659331866373
-1.0
-1.0
0.920884176835
0.475795159034
1.0
1.36487297459
-0.872574514902
2.0
0.112022404483
-0.302160432087
1.09661932387
-0.883376675337
-0.0812162432503
-0.78675735147
-1.0
0.616223244651
2.10082016404
2.91458291658
3.4824964993
2.0
1.98039607921
0.511902380476
0.497899579916
0.503500700139
0.5
1.0
0.0266053210635
-0.767153430686
0.0
2.22514502901
1.02870574115
1.5651130226
0.927185437089
1.58051610322
3.91178235647
2.40408081616
3.10362072414
0.305661132226
0.55951190238
1.62672534507
-1.43278655731
3.0
2.14982996599
1.6849369874
2.4173834767
1.69173834767
4.45809161833
3.62332466494
4.19603920784
4.0
5.97139427886
7.0
4.22684536907
4.73454690938
5.0
1.875075015
2.87117423485
3.53070614123
1.0
1.21924384877
1.28845769154
1.0
0.0
1.21734346869
0.361472294462
-0.259551910382
-0.334666933386
-0.0788157631532
2.299859972
1.0
3.63452690538
3.0
4.0
2.22284456891
3.7925585117
5.2599519904
2.58831766353
0.0806161232249
4.57291458292
2.06521304261
4.0
2.975095019
2.45789157831
5.01720344069
5.0
4.02850570114
5.0
7.00360072015
6.50410082016
7.98819763953
4.48049609922
5.02720544109
5.7325465093
6.0426085217
5.34906981396
4.6450290058
6.0
4.46329265853
5.08111622324
5.91118223645
4.70174034807
4.10422084417
5.38807761552
2.35887177435
4.18633726745
2.1350270054
6.0
6.84956991398
3.68373674735
3.33166633327
5.67353470694
5.6375275055
2.68893778756
3.0
6.0
6.0
6.28025605121
5.61372274455
5.73514702941
8.27145429086
7.87417483497
8.25825165033
9.76595319064
10.7263452691
8.43728745749
8.28905781156
4.0
6.30446089218
8.28175635127
8.0
10.8275655131
7.8323664733
8.84296859372
8.0
8.57081416283
7.54910982196
8.12622524505
6.19073814763
9.77835567113
7.80156031206
8.73854770955
8.82456491298
11.8399679936
7.57231446289
9.5
10.4430886177
11.1230246049
8.18773754751
8.44928985797
7.47389477896
8.01840368074
10.5107021404
8.0
7.0
5.0124024805
5.7399479896
8.97219443889
7.0
9.0
6.82636527305
8.82416483297
9.65053010602
6.22204440888
7.95429085817
8.91058211642
12.2014402881
9.9475895179
11.6937387478
11.1202240448
11.5581116223
8.83906781356
11.6433286657
12.7734546909
9.34126825365
8.74964992999
11.0
7.36367273454
8.62092418484
9.39447889578
8.7049409882
10.574714943
8.44068813763
8.31586317264
7.52850570114
7.60862172434
9.62672534507
10.3705741148
8.46689337868
8.72574514903
11.0
12.6448289658
12.0
11.8474694939
8.71914382877
9.67953590718
9.84366873375
12.0
7.42178435687
11.6218243649
9.28205641128
12.3666733347
13.0
13.0
13.7795559112
10.6025205041
8.90518103621
8.38067613523
9.76175235047
11.7151430286
10.6600320064
10.8873774755
12.5729145829
12.9181836367
12.0332066413
12.474494899
12.0178035607
11.4898979796
13.0
12.0
11.0130026005
11.7810562112
11.4573914783
11.7680536107
12.9561912382
11.4484896979
12.5888177636
12.0
10.5373074615
10.4176835367
13.9549909982
11.5
13.0
14.1934386877
13.0604120824
14.2570514103
12.7956591318
14.3560712142
11.3032606521
15.3186637327
11.9164832967
12.1626325265
14.5
14.1549309862
12.6978395679
11.1472294459
11.8933786757
12.4418883777
12.9283856771
11.6318263653
12.6220244049
12.2482496499
12.1297259452
11.7671534307
12.725145029
8.82616523305
10.0
11.5959191838
13.2358471694
12.9665933187
16.3210642128
14.8287657531
14.6635327065
14.4220844169
11.3518703741
11.8595719144
12.0
11.25005001
11.4566913383
15.0
14.4028805761
10.9057811562
13.5865173035
12.0
9.42888577716
10.4048809762
11.3892778556
10.024004801
11.5403080616
13.9673934787
14.0
14.0086017203
11.7357471494
13.5027005401
16.7588517704
14.9727945589
14.0
15.0290058012
15.5367073415
17.8667733547
17.223944789
16.1196239248
14.2837567513
13.849569914
15.2914582917
15.0906181236
15.1966393279
15.0
10.1588317664
12.0
13.2582516503
13.8631726345
14.0
11.1522304461
12.6801360272
11.0867173435
10.649329866
11.1830366073
12.0
11.0
13.1469293859
13.2138427686
12.1392278456
14.0
14.0
14.2446489298
13.376175235
11.1300260052
14.7677535507
11.724544909
14.5
14.0
15.0
15.3062612522
11.3720744149
13.6783356671
15.0853170634
12.674134827
12.8447689538
16.1188237648
15.5699139828
18.6321264253
13.875575115
13.6167233447
13.8909781956
16.6013202641
15.0936187237
16.2070414083
15.9217843569
16.0
16.5
15.0
11.5237047409
11.4602920584
14.9199839968
15.0486097219
13.524904981
13.4821964393
10.99879976
11.4934986997
11.0071014203
8.28285657131
8.97039407882
8.92538507702
10.0
9.72364472895
8.09061812362
13.1362272454
11.8862772555
11.2082416483
12.9543908782
6.79945989198
9.0
10.3856771354
10.1220244049
10.3702740548
13.7938587718
9.6451290258
11.8471694339
10.6605321064
10.8317663533
12.3518703741
13.6327265453
10.4629925985
12.599519904
12.1466293259
14.2144428886
12.2778555711
11.3850770154
9.63122624525
11.1226245249
9.49409881977
8.78195639128
8.11582316463
8.5
8.82436487298
8.14572914583
8.89957991598
8.15343068614
8.22184436887
7.0
5.3400680136
5.83766753351
7.76805361072
6.82346469294
3.41768353671
5.10542108421
7.31426285257
5.0
7.10842168434
7.69963992799
9.0
11.1706341268
10.3835767153
11.0699139828
8.46889377876
10.0
10.0936187237
7.92178435687
8.0
8.52370474095
9.01600320064
8.98339667933
9.0
8.0
10.9703940788
6.4774954991
7.04530906181
6.07581516303
5.95439087818
6.89337867574
6.93898779756
7.1374274855
5.0
7.58411682336
7.0
9.80096019204
9.10722144429
7.22984596919
9.50950190039
10.3696739348
9.8450690138
8.85427085417
7.30686137227
8.0
7.08441688338
5.30866173235
4.46059211842
7.22984596919
4.5
2.87797559512
5.6075215043
7.10902180436
10.0
11.1072214443
11.0
8.37677535507
5.36937387478
6.0
9.0
9.0
9.70794158832
7.20024004801
9.6925385077
6.4075815163
8.67713542709
7.16943388678
9.0
9.0
7.0
7.0
9.31546309262
8.43838767754
7.80776155231
6.89217843569
9.10012002401
4.23104620924
7.0
4.0
7.0
4.93838767754
5.66173234647
8.95379075815
7.80776155231
7.93838767754
8.52310462092
7.03080616123
7.75385077015
9.0
