-0.5
5.98459691938
8.49229845969
11.6922384477
15.0154030806
20.1152230446
22.9768953791
25.4460892178
30.3151630326
34.1460292058
38.4229845969
41.2458491698
45.4075815163
51.099519904
52.1617323465
60.0767153431
63.3767753551
64.7381476295
71.2227445489
73.8231646329
76.6149229846
78.8308661732
79.1611322264
79.6614322865
81.1848369674
81.6925385077
79.399879976
78.2079415883
75.8234646929
73.5850170034
66.5776155231
66.1081216243
63.6232246449
62.5
62.6309261852
58.1152230446
55.3317663533
51.6075215043
48.6463292659
45.3012602521
41.3080616123
39.0394078816
33.6617323465
27.9155831166
25.6694338868
19.9232846569
20.5
16.8619723945
16.2393478696
11.8773754751
8.6925385077
3.33916783357
1.0
-1.63772754551
-5.83646729346
-5.96179235847
-9.1374274855
-12.6525305061
-15.6167233447
-15.7052410482
-19.9620924185
-24.0
-23.0225045009
-25.0296059212
-28.4928985797
-27.99969994
-33.5083016603
-34.475995199
-32.9525905181
-33.9842968594
-33.5
-35.9765953191
-38.0545109022
-38.9688937788
-36.6398279656
-34.4223844769
-36.5853170634
-32.0930186037
-34.901080216
-33.6084216843
-33.0
-35.4380876175
-32.6315263053
-29.3607721544
-28.1765353071
-26.9638927786
-28.6688337668
-28.5
-28.6445289058
-28.7781556311
-29.0397079416
-28.0
-28.5829165833
-31.7837567514
-30.5
-30.6158231646
-32.2819563913
-32.3705741148
-33.6321264253
-34.8687737548
-34.4596919384
-37.0832166433
-39.5
-41.8533706741
-43.099519904
-42.5
-41.5
-45.1898379676
-45.9158831766
-45.9907981596
-48.1528305661
-48.6774354871
-50.4312862573
-49.5554110822
-49.3050610122
-49.8071614323
-49.8933786757
-52.8983796759
-50.3175635127
-49.9587917584
-48.5379075815
-49.7840568114
-53.8791758352
-51.0
-50.9324864973
-48.574614923
-47.9851970394
-48.0
-47.4644928986
-44.7402480496
-40.00060012
-40.2544508902
-36.0332066413
-35.2378475695
-34.5480096019
-31.3889777956
-30.4525905181
-31.1673334667
-29.5942188438
-25.2147429486
-23.1955391078
-23.7577515503
-20.0468093619
-17.199339868
-18.0545109022
-15.6167233447
-12.5
-8.05181036207
-6.33896779356
-6.91388277656
-4.11192238448
1.49439887978
0.329365873175
3.64332866573
1.87207441488
6.95939187838
10.9963992799
14.1454290858
17.2831566313
20.9131826365
22.5355071014
25.8900780156
32.1285257051
34.5
36.6054210842
38.6462292458
43.5
47.1069213843
50.4122824565
50.4960992198
55.5361072214
60.5
60.3376675335
64.0867173435
68.4898979796
69.076115223
72.3222644529
76.0684136827
75.3145629126
75.7571514303
75.8068613723
73.6060212042
73.6025205041
72.0453090618
72.125625125
67.5376075215
65.3649729946
62.9401880376
61.6718343669
58.9111822364
55.0367073415
50.9709941988
46.9360872174
44.0
41.4881976395
38.5045009002
37.2642528506
32.9827965593
27.549809962
25.5163032607
21.3104620924
20.5720144029
15.5557111422
15.4048809762
11.6433286657
8.77585517103
7.29325865173
2.82976595319
0.703840768154
-1.05481096219
-5.30866173235
-6.3124624925
-9.23454690938
-13.4297859572
-14.324064813
-17.9545909182
-18.8458691738
-19.3424684937
-24.6789357872
-24.0933186637
-25.7358471694
-25.9948989798
-27.5805161032
-27.5
-27.8625725145
-29.2328465693
-30.5
-29.875875175
-30.4880976195
-30.7636527305
-29.8856771354
-31.0
-31.1066213243
-31.5583116623
-28.598919784
-33.1549309862
-29.7736547309
-29.825265053
-28.75055011
-29.6703340668
-34.1516303261
-33.0341068214
-32.7275455091
-31.4427885577
-32.7416483297
-31.5803160632
-32.3418683737
-31.3965793159
-31.9549909982
-32.0823164633
-30.6119223845
-33.7165433087
-35.0296059212
-35.275755151
-34.0876175235
-36.7319463893
-37.0568113623
-38.9792958592
-41.0
-42.0
-41.9975995199
-43.2550510102
-44.9910982196
-49.7627525505
-47.4833966793
-47.7704540908
-49.5
-52.0563112623
-51.4359871974
-52.0707141428
-52.0397079416
-51.3806761352
-51.0474094819
-51.0063012603
-49.7795559112
-47.0731146229
-47.25125025
-42.6833366673
-44.5705141028
-42.0
-43.0
-41.1679335867
-39.4295859172
-40.1602320464
-39.5
-34.9575915183
-35.3039607922
-34.8551710342
-31.8270654131
-29.9029805961
-29.4163832767
-23.2588517704
-23.74884977
-24.2434486897
-22.2927585517
-20.4298859772
-16.0593118624
-15.574714943
-13.3524704941
-9.89447889578
-10.1552310462
-10.5454090818
-8.5
-5.58391678336
-6.14682936587
-1.65103020604
-1.17833566713
1.70344068814
3.44188837768
3.87977595519
8.53130626125
9.76205241048
13.2985597119
12.1788357672
18.7908581716
19.1110222044
22.9157831566
28.0
31.4281856371
32.5432086417
38.9097819564
41.0278055611
48.0201040208
49.5186037207
54.2664532907
56.4969993999
59.0
62.4723944789
65.2108421684
66.9830966193
68.0415083017
69.926185237
71.1646329266
72.9676935387
71.0
67.5800160032
68.4692938588
65.1431286257
65.1984396879
63.6108221644
60.2629525905
60.2524504901
58.950890178
54.7832566513
53.350670134
50.3925785157
50.1647329466
46.5
42.5202040408
40.2817563513
37.1522304461
36.7032406481
32.3437687538
29.8906781356
27.3631726345
22.851070214
19.4834966993
18.24944989
17.5143028606
14.4702940588
11.2725545109
9.56051210242
4.28795759152
1.14782956591
-1.5
-2.53340668134
-6.18123624725
-7.83676735347
-12.1683336667
-13.6325265053
-13.800860172
-17.1786357271
-19.6350270054
-21.0
-19.299059812
-22.1940388078
-23.8957791558
-23.3947789558
-25.0888177636
-24.5472094419
-27.4265853171
-25.6314262853
-26.5
-26.399379876
-26.0426085217
-27.5349069814
-26.5136027205
-28.5195039008
-28.0
-26.0
-26.5054010802
-27.5113022605
-27.9619923985
-28.4732946589
-24.5516103221
-28.6263252651
-26.475095019
-29.6062212442
-29.0326065213
-29.9270854171
-29.6209241848
-32.9116823365
-33.4519903981
-33.5944188838
-35.5
-38.6191238248
-36.4365873175
-36.8654730946
-40.4288857772
-43.675035007
-42.0
-44.6673334667
-45.3269653931
-45.6596319264
-44.4710942188
-45.2596519304
-48.2961592318
-48.1442288458
-46.3288657732
-46.3634726945
-49.6480296059
-47.7423484697
-47.99989998
-47.5
-46.2654530906
-45.1134226845
-46.6404280856
-45.5
-45.4443888778
-46.6079215843
-41.8441688338
-41.5
-39.8270654131
-41.0043008602
-38.6575315063
-41.850170034
-40.3210642128
-36.7016403281
-35.6198239648
-34.3214642929
-31.5
-29.8963792759
-30.0
-28.5441088218
-27.6292258452
-23.8907781556
-23.0
-23.8851770354
-18.675435087
-17.0840168034
-16.6642328466
-15.5
-13.4621924385
-14.9943988798
-11.9964992999
-10.5
-5.75595119024
-6.02940588118
-4.52730546109
-2.0350070014
1.22864572915
3.97479495899
3.27905581116
6.36837367474
8.27945589118
12.3781756351
15.1166233247
16.5966193239
19.5935187037
22.8319663933
24.7605521104
27.9362872575
33.1824364873
33.8571714343
37.5484096819
40.1582316463
44.5
45.9790958192
46.1373274655
53.2164432887
54.3032606521
57.2955591118
58.7196439288
61.7801560312
61.6362272454
62.0881176235
66.0
68.7480496099
67.6208241648
67.8669733947
66.5475095019
66.2185437087
66.2891578316
65.1484296859
62.3045609122
59.6561312262
58.2299459892
55.8361672334
50.1707341468
48.5
49.850770154
48.6792358472
43.5
41.6869373875
42.3223644729
35.9731946389
35.7424484897
31.6070214043
27.9123824765
24.3401680336
22.5361072214
18.3709741948
19.801160232
15.3236647329
13.4585917183
6.86517303461
6.47399479896
4.2225445089
1.02120424085
1.99709941988
-1.98799759952
-2.5125025005
-2.97979595919
-5.65233046609
-9.0
-11.7716543309
-15.448989798
-16.6032206441
-15.5
-16.7129425885
-17.1227245449
-19.0895179036
-22.7083416683
-20.5926185237
-19.5
-19.6203240648
-20.9359871974
-20.3642728546
-23.2848569714
-23.848869774
-27.2617523505
-24.3332666533
-26.9128825765
-26.6590318064
-24.2844568914
-26.9539907982
-24.3075615123
-26.7127425485
-26.3897779556
-25.5437087417
-29.0
-28.6153230646
-27.24874975
-30.7410482096
-30.7666533307
-30.1615323065
-32.5769153831
-32.2897579516
-32.4050810162
-33.7922584517
-34.9692938588
-36.5514102821
-36.8434686937
-38.8280656131
-40.4844968994
-41.1486297259
-43.7181436287
-43.7335467093
-43.1893378676
-47.0589117824
-44.7797559512
-45.448789758
-42.1079215843
-43.5
-44.5793158632
-41.6432286457
-44.7180436087
-42.3313662733
-44.1940388078
-43.0612122424
-44.0331066213
-45.949189838
-42.7588517704
-42.9849969994
-44.0046009202
-40.0162032406
-41.0131026205
-44.9271854371
-41.7357471494
-39.0905181036
-37.0439087818
-37.474194839
-37.2796559312
-37.0
-34.5
-33.9175835167
-33.5
-34.1467293459
-32.7110422084
-27.1698339668
-27.6209241848
-24.0
-19.2726545309
-17.8559711942
-17.325865173
-16.3985797159
-12.3342668534
-10.325165033
-7.15873174635
-6.9048809762
-4.45309061812
-6.80846169234
-3.35337067413
0.221044208842
1.86437287457
3.64532906581
6.61622324465
7.37037407482
10.7404480896
10.1336267253
10.6624324865
13.1520304061
16.6048209642
19.5529105821
21.3884776955
23.6865373075
30.7682536507
33.3355671134
33.3268653731
38.3278655731
43.2960592118
44.5
46.198939788
49.8124624925
52.9413882777
54.523804761
58.2036407281
61.0
64.0864172835
63.7106421284
68.3934786957
66.9082816563
67.9165833167
69.0479095819
67.5201040208
68.7337467493
67.5372074415
64.9657931586
63.4717943589
57.2474494899
59.9879975995
56.9862972595
55.5214042809
52.4708941788
52.0552110422
48.9057811562
46.526105221
44.0
41.0676135227
39.8629725945
41.3339667934
36.0907181436
35.1968393679
29.7122424485
26.6707341468
22.1892378476
23.0646129226
17.0
16.5723144629
12.9784956991
10.3200640128
9.00160032006
5.5
5.34156831366
1.28625725145
2.69853970794
-0.190638127626
-1.71514302861
-1.05411082216
-5.90598119624
-7.64442888578
-10.8828765753
-11.3786757351
-14.5203040608
-12.5
-13.448889778
-15.2167433487
-18.0
-19.0520104021
-16.5968193639
-21.6859371874
-23.2326465293
-21.3352670534
-18.825665133
-20.1724344869
-21.8525705141
-21.6397279456
-21.1980396079
-24.0
-21.9416883377
-20.0866173235
-22.2975595119
-21.0773154631
-21.5
-24.0781156231
-25.3943788758
-25.8440688138
-27.5275055011
-25.5
-30.4207841568
-28.2978595719
-28.5121024205
-30.2417483497
-31.9955991198
-30.75055011
-31.9966993399
-31.2428485697
-31.0
-36.7945589118
-36.4625925185
-37.7274454891
-35.0
-38.1592318464
-37.1364272855
-37.2120424085
-41.8327665533
-39.8869773955
-38.049509902
-38.3764752951
-42.8855771154
-43.8110622124
-44.1298259652
-42.0
-41.5726145229
-43.1529305861
-44.4377875575
-39.5
-38.7640528106
-41.7093418684
-41.8085617123
-39.9512902581
-39.7931586317
-38.4290858172
-37.5
-35.5
-34.8564712943
-32.3633726745
-32.4938987798
-29.3803760752
-28.0973194639
-27.723844769
-24.4192838568
-24.374674935
-24.200740148
-22.1930386077
-19.8146629326
-19.9111822364
-17.4950990198
-18.8377675535
-16.6727345469
-13.6329265853
-12.4586917383
-10.1971394279
-9.37627525505
-10.5939187838
-6.0
-3.55031006201
-2.22124424885
-0.5
0.0
4.10472094419
5.5
7.52720544109
9.77335467093
11.6170234047
12.5313062613
16.9645929186
17.2579515903
21.9876975395
21.2512502501
25.4891978396
26.7425485097
30.4773954791
31.7045409082
36.9429885977
42.0
44.7596519304
47.3166633327
51.1032206441
54.6530306061
54.8315663133
52.7959591918
57.25095019
58.2853570714
59.5
65.9340868174
65.2391478296
65.9571914383
66.5
67.6732346469
67.3387677536
64.6655331066
66.0883176635
63.8421684337
59.8840768154
58.849869974
58.0
55.5
55.2228445689
51.5
46.9764952991
45.8567713543
43.1195239048
40.0
38.4035807161
37.5
36.4266853371
32.3764752951
32.600420084
29.6735347069
29.2610522104
24.3803760752
21.1693338668
20.0
17.3651730346
15.2806561312
14.6385277055
8.19623924785
9.18843768754
5.71144228846
5.39227845569
3.0
1.70384076815
0.126925385077
-1.57691538308
-4.60382076415
-5.90378075615
-4.94618923785
-7.81916383277
-7.13442688538
-8.90788157632
-11.9769953991
-12.5459091818
-13.4923984797
-13.74984997
-13.5156031206
-16.2422484497
-16.5116023205
-17.4690938188
-17.5
-20.5463092619
-18.0
-19.1574314863
-21.5347069414
-20.5
-19.5848169634
-18.8887777556
-19.299559912
-19.3039607922
-19.4421884377
-21.5
-20.0655131026
-21.8193638728
-27.5607121424
-25.0
-26.6763352671
-28.0
-26.4430886177
-26.3424684937
-26.6147229446
-28.449489898
-30.5
-32.3578715743
-31.1117223445
-35.0967193439
-33.6417283457
-33.5069013803
-36.2542508502
-37.3809761952
-37.5
-39.6660332066
-37.6425285057
-37.3289657932
-37.25115023
-38.7122424485
-36.5
-35.1471294259
-36.3405681136
-34.5169033807
-34.6533306661
-34.5728145629
-34.5
-34.6302260452
-33.5662132426
-35.1555311062
-34.2142428486
-31.099419884
-32.2041408282
-33.5
-32.5
-29.8627725545
-29.0609121824
-30.4467893579
-27.2272454491
-27.0189037808
-25.2048409682
-22.5
-21.9705941188
-21.4964992999
-20.24964993
-18.0084016803
-18.0161032206
-16.0357071414
-13.9369873975
-13.5588117624
-10.8203640728
-8.05461092218
-7.71884376875
-8.0350070014
-5.78885777155
-5.91458291658
-2.88967793559
-1.94958991798
0.412782556511
2.15133026605
5.06411282256
9.93418683737
10.6803360672
13.3529705941
13.6726345269
17.3375675135
17.8194638928
21.9110822164
22.3427685537
21.2898579716
26.799059812
30.1870374075
31.7019403881
35.4480896179
37.5
38.1197239448
39.3735747149
43.9805961192
45.7374474895
46.5946189238
49.2779555911
49.8571714343
56.6033206641
58.198939788
57.7868573715
61.6835367073
63.3516703341
63.6681336267
65.098919784
67.6527305461
64.7976595319
67.225345069
66.8055611122
67.0
63.1142228446
63.8934786957
62.3517703541
59.7044408882
56.0
58.5
54.3639727946
54.6206241248
52.4473894779
46.8652730546
46.0
45.7352470494
41.9890978196
41.4858971794
40.4935987197
34.5026005201
30.5180036007
29.5
29.024404881
29.8302660532
26.9800960192
21.773754751
19.1104220844
15.9072814563
12.0353070614
12.024104821
12.4139827966
7.90628125625
4.70284056811
5.0
0.792058411682
2.18583716743
0.5
-1.1399279856
-0.29525905181
-3.01700340068
-4.67393478696
-3.0
-5.23234646929
-7.31386277255
-7.48459691938
-10.0
-9.58151630326
-6.5
-8.22464492899
-11.3661732346
-10.1399279856
-10.1216243249
-14.4781956391
-13.2368473695
-15.5
-15.2214442889
-18.3568713743
-17.8090618124
-19.150830166
-17.1906381276
-18.6585317063
-21.4123824765
-21.1675335067
-22.8196639328
-25.0218043609
-22.5
-24.4550910182
-24.3064612923
-23.9319863973
-26.5
-28.0
-25.7455491098
-27.7047409482
-29.5
-28.0
-27.9662932587
-29.2798559712
-30.5520104021
-30.0
-34.0
-33.7355471094
-33.4893978796
-34.5270054011
-32.9912982597
-33.74904981
-33.9903980796
-33.5
-34.5125025005
-34.7663532707
-35.9797959592
-35.8221644329
-36.4441888378
-34.7182436487
-33.1068213643
-32.5789157832
-32.9566913383
-32.4056811362
-29.7550510102
-29.8048609722
-27.676135227
-26.25025005
-27.1679335867
-26.3202640528
-24.2223444689
-23.3440688138
-22.8272654531
-20.5070014003
-19.0
-18.3132626525
-16.6944388878
-15.851070214
-15.1049209842
-15.3587717544
-13.1126225245
-13.3664732947
-10.3609721944
-8.8774754951
-7.75605121024
-8.26375275055
-7.5
-6.94788957792
-2.85657131426
-3.58911782356
-2.69773954791
-0.190038007602
0.864672934587
7.17463492699
5.66693338668
9.81846369274
11.8484696939
15.1438287658
16.3180636127
18.0642128426
21.0518103621
22.5
25.1053210642
26.5976195239
26.9100820164
29.1644328866
31.4362872575
33.8663732747
38.1773354671
42.0
40.0874174835
42.0180036007
46.0566113223
47.5
52.2951590318
56.0052010402
57.74874975
58.5051010202
60.7231446289
61.474394879
63.4666933387
63.5615123025
65.274354871
63.4435887177
63.9102820564
65.2486497299
66.7102420484
66.674434887
62.7025405081
62.0513102621
60.025805161
60.8819763953
59.3099619924
56.100420084
55.8971794359
53.0209041808
52.6565313063
51.5
50.1798359672
45.0
42.1873374675
41.5975195039
39.4054810962
36.8947789558
35.9227845569
34.1775355071
34.600320064
29.6031206241
27.0
26.1283256651
22.7643528706
22.3639727946
19.6696339268
18.4311862372
16.9096819364
15.1057211442
12.4316863373
10.6817363473
9.5
7.83366673335
5.68273654731
3.5
1.0
-1.13552710542
-0.0639127825566
-2.12012402481
-1.28105621124
-5.09291858372
-6.5
-6.88397679536
-7.58161632326
-9.5
-8.6324264853
-8.94148829766
-13.474594919
-13.0
-11.5177035407
-11.7638527706
-13.9899979996
-10.975395079
-9.50690138028
-11.2546509302
-14.9621924385
-13.4629925985
-12.526205241
-13.7669533907
-12.5416083217
-15.323964793
-17.8574714943
-17.5882176435
-18.0724144829
-17.7900580116
-20.3682736547
-24.4044808962
-22.7064412883
-23.3054610922
-23.7627525505
-25.6210242048
-30.1340268054
-30.1417283457
-31.201140228
-31.6714342869
-33.2527505501
-31.1637327465
-31.1802360472
-30.6560312062
-30.5978195639
-32.3516703341
-29.7110422084
-31.7031406281
-33.6132226445
-31.601220244
-28.6209241848
-30.874774955
-31.1286257251
-28.5876175235
-28.6363272655
-29.1705341068
-27.8559711942
-29.4893978796
-28.5448089618
-26.0
-25.1594318864
-25.9132826565
-24.0014002801
-25.9209841968
-23.825165033
-24.4286857371
-24.1825365073
-21.3727745549
-20.6195239048
-19.1645329066
-17.7082416483
-18.9035807161
-14.0
-15.7569513903
-13.5733146629
-11.9343868774
-10.4420884177
-11.899579916
-9.31376275255
-9.43038607722
-5.97289457892
-2.50970194039
-2.72074414883
-3.99799959992
-1.25185037007
-2.49429885977
1.48089617924
5.41958391678
7.43098619724
10.5
11.5
10.9711942388
12.7173434687
13.9634926985
19.5482096419
21.0
23.0097019404
22.1038207642
26.8057611522
27.8211642328
32.3730746149
34.5
35.1788357672
37.699939988
39.5
44.1691338268
45.3268653731
46.4095819164
47.9015803161
51.1868373675
51.7960592118
56.5767153431
56.5
55.8864772955
55.2957591518
58.2424484897
61.25015003
63.6132226445
64.3516703341
62.5
58.8904780956
60.5
60.8981796359
60.5
59.8117623525
58.1805361072
55.5
59.1651330266
56.4212842569
58.149729946
55.7159431886
52.5
52.1266253251
51.2621524305
48.7224444889
48.2929585917
47.8083616723
43.1178235647
41.5
39.9272854571
35.4024804961
36.0
33.524804961
32.5
27.4144828966
24.4469893979
23.0094018804
21.9888977796
17.4931986397
11.7564512903
11.4879975995
12.799259852
16.9177835567
9.2675535107
5.56421284257
5.22474494899
4.05821164233
2.76365273055
1.46319263853
0.209341868374
-1.0
-2.20164032807
-0.5
-3.11212242448
-1.9400880176
-3.2449489898
-2.70284056811
-7.17853570714
-9.27405481096
-10.8416683337
-12.6660332066
-10.8368673735
-9.31856371274
-9.96629325865
-10.0984196839
-12.3522704541
-15.5
-16.6400280056
-16.3861772354
-15.8969793959
-18.1354270854
-16.5
-19.6292258452
-20.6169233847
-22.5
-22.8907781556
-22.9214842969
-26.1015203041
-25.1523304661
-26.124724945
-24.6799359872
-29.2416483297
-27.6613322665
-27.3431686337
-28.7982596519
-32.075715143
-32.0843168634
-31.126025205
-32.5
-32.7787557512
-33.3014602921
-32.1904380876
-35.0
-34.5399079816
-32.7139427886
-35.4355871174
-35.7783556711
-37.0735147029
-38.2293458692
-40.9663932787
-34.5
-31.4726945389
-28.9789957992
-31.9943988798
-31.7377475495
-30.025205041
-31.0406081216
-33.4439887978
-27.2678535707
-28.4782956591
-26.8777755551
-25.9705941188
-26.0
-25.0371074215
-19.8361672334
-24.9103820764
-22.9026805361
-23.2625525105
-24.5
-22.5
-18.1859371874
-18.1358271654
-18.9652930586
-14.3780756151
-11.9767953591
-9.33336667333
-10.174334867
-8.31796359272
-9.5
-4.48719743949
-5.11542308462
-2.86147229446
-1.0
-0.72824564913
1.16013202641
4.25635127025
6.0
6.61142228446
9.96649329866
13.5
12.8267653531
15.3550710142
17.2975595119
17.3894778956
19.1546309262
22.3206641328
22.5858171634
24.5041008202
27.8124624925
30.4455891178
33.4295859172
33.449689938
35.874574915
38.5443088618
38.8300660132
44.198839768
43.5946189238
48.673834767
49.2376475295
49.7854570914
52.4680936187
53.0561112222
57.0484096819
57.5407081416
59.9339867974
57.0
59.5352070414
61.9900980196
57.5044008802
61.0055011002
61.4669933987
55.5836167233
54.4713942789
52.9636927385
51.6320264053
47.8275655131
50.3514702941
52.0
52.9625925185
48.0
44.725545109
45.7937587517
41.5528105621
39.4199839968
39.9394878976
35.1856371274
33.6364272855
31.5
33.5
30.0
29.0
27.0
23.4565913183
24.725845169
23.0049009802
19.3528705741
17.9268853771
17.3605721144
13.8432686537
13.7365473095
12.1221244249
11.6201240248
11.649129826
12.8367673535
6.224944989
4.56551310262
1.29045809162
0.899079815963
1.19413882777
-0.686437287458
-3.67873574715
-9.0724144829
-7.4899979996
-5.38907781556
-8.85207041408
-8.64022804561
-7.41868373675
-11.124824965
-10.574314863
-9.10942188438
-12.9025805161
-14.1410282056
-12.0342068414
-14.3427685537
-13.3563712743
-16.5316063213
-16.0
-16.5478095619
-18.5
-21.4351870374
-21.8117623525
-19.0
-20.2453490698
-20.50080016
-23.2408481696
-20.0345069014
-24.0
-22.9415883177
-25.3053610722
-26.9776955391
-27.8284656931
-27.9699939988
-29.6484296859
-28.0
-30.25065013
-32.5454090818
-31.7918583717
-32.2344468894
-32.3860772154
-31.7567513503
-28.3706741348
-31.6370274055
-33.4341868374
-33.8902780556
-34.6601320264
-35.0
-30.648929786
-35.1832366473
-32.6181236247
-32.099319864
-29.4721944389
-28.3929785957
-29.4434886977
-31.6969393879
-29.3942788558
-28.2448489698
-28.0102020404
-27.2397479496
-24.7320464093
-27.0
-23.350070014
-21.0
-19.600620124
-16.5
-19.2212442488
-19.6609321864
-17.5
-21.1568313663
-18.0
-15.0580116023
-12.0
-11.8159631926
-11.375775155
-10.3082616523
-8.44558911782
-8.19943988798
-6.95329065813
-4.70714142829
-2.42198439688
-0.5
1.53130626125
1.2774554911
0.523604720944
5.61852370474
4.98409681936
6.31026205241
4.98359671934
8.5174034807
8.50200040008
12.0
13.9711942388
13.4778955791
16.4850970194
17.5375075015
20.4095819164
25.0
25.3787757552
25.5
30.3479695939
29.9162832567
33.0
34.299559912
36.626125225
38.849169834
40.7444488898
44.074814963
41.724744949
46.1773354671
47.0
47.8392678536
50.2473494699
51.1619323865
50.4080816163
54.5
55.599619924
55.0604120824
54.0707141428
53.7776555311
51.3450690138
53.7132426485
52.5
52.4936987397
51.2608521704
52.9584916983
50.1712342469
51.175935187
48.0
44.200640128
47.6535307061
45.2221444289
45.3387677536
40.3396679336
37.0136027205
38.7278455691
36.9401880376
33.6390278056
31.4216843369
31.7527505501
28.576115223
29.2294458892
21.5
20.1392278456
19.1595319064
17.8064612923
17.3545709142
16.5930186037
13.6142228446
12.5
9.46109221844
9.98439687938
9.21474294859
6.99209841968
5.74594918984
1.99979995999
-0.739047809562
-0.0150030005998
0.738647729546
-3.46959391878
-1.96189237848
-3.47709541908
-2.89297859572
-7.46939387878
-8.36217243449
-12.5
-9.91568313663
-9.95399079816
-10.600420084
-13.3925785157
-12.3848769754
-12.8070614123
-13.4236847369
-17.9308861772
-21.6459291858
-18.6927385477
-19.8386677335
-19.3380676135
-20.5302060412
-22.4466893379
-19.1157231446
-22.0
-22.2924584917
-24.1771354271
-25.3614722945
-25.5
-24.6308261652
-27.6309261852
-28.2537507502
-25.5
-29.0771154231
-31.5
-28.6768353671
-29.3538707742
-30.399979996
-30.2308461692
-37.6846369274
-35.4691938388
-35.8307661532
-34.1692338468
-32.6538307662
-33.5
-32.2768553711
-32.1078215643
-32.3154630926
-30.8076615323
-33.0
-30.299959992
-30.5
-31.9154830966
-30.4231846369
-29.2845569114
-30.9385877175
-30.2768553711
-32.9539907982
-28.4616923385
-30.0306061212
-29.4770954191
-25.9923984797
-29.2537507502
-28.49989998
-27.0
-24.5156031206
-23.5233046609
-21.0465093019
-23.1919383877
-22.1160232046
-21.0
-19.0309061812
-18.5695139028
-17.5386077215
-17.4150830166
-15.1852370474
-13.200640128
-14.8379675935
-11.0
-8.62342468494
-5.86887377476
-7.7776555311
-4.0
-1.92288457692
-3.15483096619
-0.169633926785
-0.338667733547
-0.722444488899
1.30726145229
3.10022004401
3.58371674335
7.8524704941
9.05291058212
10.5781156231
10.7610522104
12.3766753351
12.3597719544
16.524104821
18.4604920984
18.0838167634
17.4296859372
19.9392878576
22.200840168
25.6128225645
22.3680736147
25.0
27.5843168634
29.6609321864
30.0766153231
32.6455291058
34.4310862172
34.1301260252
35.8775755151
36.9220844169
37.6605321064
39.101020204
41.9541908382
44.1678335667
43.1524304861
43.5
44.4391878376
45.5
44.0227045409
44.2688537708
44.9849969994
45.2388477696
44.4926985397
41.7603520704
39.5024004801
39.2627525505
39.9837967594
37.2380476095
35.5158031606
35.5
34.0235047009
31.0547109422
33.0312062412
33.8551710342
32.4221844369
30.7072414483
27.1398279656
24.2018403681
23.0543108622
23.075515103
22.3720744149
19.6317263453
19.8605721144
17.5
14.2322464493
13.1563312663
13.1595319064
9.87277455491
9.31436287257
7.80666133227
6.0026005201
3.51940388078
4.32466493299
0.862072414483
0.731846369274
-0.520904180838
-0.24724944989
-4.8675735147
-4.63132626525
-6.72964592919
-10.8609721944
-10.7142428486
-9.85327065413
-12.801160232
-11.0367073415
-13.5917183437
-14.4863972795
-13.8319663933
-15.4904980996
-16.0
-18.2898579716
-19.4116823365
-21.8704740948
-21.7436487297
-24.6576315263
-24.7871574315
-23.5955191038
-24.6820364073
-25.7083416683
-27.0
-25.9320864173
-28.3795759152
-27.8287657532
-28.0896179236
-29.2314462893
-31.9558911782
-30.7825565113
-30.0210042008
-31.9936987397
-32.9985997199
-31.2454490898
-32.5168033607
-30.6887377476
-32.5
-34.5
-34.0476095219
-36.0553110622
-34.5315063013
-35.2146429286
-41.2647529506
-41.4138827766
-40.0469093819
-39.300760152
-35.7730546109
-35.776155231
-33.75075015
-35.1838367674
-32.6400280056
-32.5284056811
-30.8885777155
-30.8262652531
-32.2437487498
-29.3214642929
-31.5
-33.5
-27.2016403281
-28.0
-26.7596519304
-26.3623724745
-24.6162232446
-24.6299259852
-22.123924785
-21.8777755551
-20.6316263253
-18.9273854771
-18.9426885377
-19.6795359072
-14.6470294059
-14.099119824
-15.1547309462
-15.5914182837
-16.675135027
-15.8394678936
-62.0141028206
-58.1232246449
6.45359071815
-1.16423284657
-40.8301660332
-15.1059211842
0.0797159431877
-20.2645529106
-11.4159831966
-5.22604520904
-9.37407481496
-8.424984997
-0.514402880574
2.88077615523
-4.5
-0.34526905381
3.92698539708
3.92798559712
6.60552110422
18.4731946389
10.2414482897
8.99599919984
18.7645529106
19.0087017403
18.3880776155
18.8359671934
18.1082216443
19.475895179
18.7220444089
17.2544508902
25.2139427886
26.3024604921
19.8929785957
24.5944188838
21.5053010602
27.6705341068
28.4262852571
27.9373874775
26.2341468294
27.5
29.6483296659
28.8439687938
30.3274654931
28.7571514303
31.4438887778
28.7473494699
26.3890778156
31.0899179836
33.5
30.4352870574
28.774654931
29.8834766953
28.7593518704
-8.39437887578
-6.82996599319
20.2849569914
20.400880176
9.05851170234
16.4586917384
15.3839767954
11.2905581116
17.5852170434
12.2733546709
7.12732546509
4.83466693339
14.5113022605
8.24284856971
6.71864372875
11.0680136027
4.41588317663
0.577815563111
5.09691938388
4.92128425685
-3.8049609922
1.5
-5.78375675135
-1.26045209042
-22.450490098
-38.6180236047
-44.1539307862
-33.6729345869
-25.5718143629
-22.3166633327
-13.0615123025
-27.5576115223
-29.7423484697
-39.4856971394
-67.6212242449
-70.5810162032
-65.7885577115
-48.2839567914
-55.8527705541
-42.2928585717
-43.6130226045
-33.6605321064
-41.5685137027
-51.2213442689
-51.2619523905
-46.7375475095
-49.3013602721
-46.6656331266
-35.9271854371
-29.3145629126
-31.9161832366
-32.1412282456
-33.0957191438
-32.1867373475
-41.1678335667
-40.4139827966
-43.0392078416
-35.9062812563
-42.4572914583
-48.3985797159
-41.7763552711
-35.1091218244
-42.7332466493
-50.3831766353
-49.5346069214
-47.9942988598
-49.3108621724
-54.0289057812
-61.0886177235
-48.1791358272
-53.5622124425
-56.0334066813
-40.6133226645
-38.825365073
-42.774454891
-40.3805761152
-44.1675335067
-49.3048609722
-43.9524904981
-48.0
-48.8385677135
-51.1168233647
-44.0600120024
-40.6630326065
-41.8661732346
-43.4107821564
-35.5446089218
-41.1630326065
-35.0536107221
-41.3202640528
-35.6168233647
-39.550710142
-33.1075215043
-31.4851970394
-30.9033806761
-13.4402880576
-24.5122024405
-26.0
-14.0224044809
-19.7554510902
-16.9441888378
-19.8683736747
-13.0680136027
-15.3125625125
-0.796459291858
-7.37877575515
-13.2592518504
2.5725145029
-0.0401080216043
-1.26645329066
-13.8565713143
13.7850570114
9.72164432887
6.81276255252
21.1839367874
21.3047609522
12.7872574515
22.350470094
20.7075415083
1.82986597319
15.7052410482
26.3974794959
29.2820564113
33.5213042609
36.1189237848
31.6554310862
36.4376875375
35.7265453091
36.6801360272
32.1129225845
33.2517503501
51.6213242649
52.6024204841
64.6136227245
65.0
55.9407881576
44.1479295859
42.7053410682
45.5331066213
42.5474094819
44.5200040008
43.7484496899
51.4606921384
44.424884977
43.7149429886
37.3651730346
38.4406881376
37.7611522304
32.8589717944
21.0520104021
22.4036807361
9.60122024405
6.53320664133
14.4267853571
14.0
16.7023404681
16.524504901
3.56361272255
8.23264652931
7.9324864973
5.24034806961
2.0174034807
1.24414882977
-3.49049809962
0.23274654931
-3.4423884777
-0.790358071614
1.93078615723
0.0423084616923
-8.774954991
-9.16343268654
-13.9018803761
-8.85967193439
-7.54040808162
-11.2057411482
-14.8556711342
-14.3960792158
-15.6116223245
-9.23864772955
-6.80946189238
-8.04790958192
-15.2151430286
-22.224544909
-25.5789157832
-27.0017003401
-29.8267653531
-33.6478295659
-59.5568113623
-43.5707141428
-35.0
-52.2295459092
-61.1708341668
-54.3635727145
-64.3560712142
-61.2276455291
-57.625125025
-71.2102420484
-81.8045609122
-79.2534506901
-73.4378875775
-76.3943788758
-78.4070814163
-72.324964993
-78.9135827165
-85.1467293459
-71.6454290858
-72.7426485297
-89.9019803961
-89.3777755551
-85.4628925785
-76.0
-73.6204240848
-78.1882376475
-85.1110222044
-70.0346069214
-63.7871574315
-77.7481496299
-74.5051010202
-56.0
-62.6719343869
-65.0858171634
-70.549509902
-54.5209041808
-54.1930386077
-34.224444889
-58.9089817964
-50.8734746949
-35.0
-43.9647929586
-57.6713342669
-55.1980396079
-29.6925385077
-29.7535507101
-43.6427285457
-36.1518303661
-18.5372074415
-20.9718943789
-26.9839967994
-33.1221244249
-13.9455891178
-15.7095419084
-23.4886977395
-29.3316663333
-8.14942988597
12.2342468494
-1.18803760752
-2.28665733147
-2.45219043809
12.4454890978
17.00080016
8.86917383477
20.7292458492
34.7699539908
35.3938787758
32.3976795359
39.650630126
53.449889978
58.4083816763
55.8531706341
52.5274054811
65.4948989798
78.9315863173
87.5650130026
89.0
86.8591718344
98.7117423485
115.460292058
120.804760952
115.937387477
109.5
100.950790158
75.6711342268
80.4701940388
92.5961192238
93.5380076015
79.0323064613
79.5648129626
78.849769954
74.0
54.8830766153
45.4048809762
43.2814562913
31.9419883977
12.599819964
-6.62862572514
-4.33016603321
0.0
-1.60302060412
-11.8672734547
-11.025805161
-12.0362072414
-21.0624124825
-32.0054010802
-31.0100020004
-21.7055411082
-28.4591918384
-38.7078415683
-40.5179035807
-27.4892978596
-18.6024204841
-14.5589117824
-16.4333866773
-7.80736147229
0.91798359672
0.0383076615326
-7.45129025805
1.47439487898
19.0410082016
18.6205241048
10.6411282256
11.0461092218
24.850970194
34.6283256651
25.3180636127
21.8331666333
28.151130226
27.4570914183
16.5
9.74384876975
9.58951790358
16.0
13.1619323865
5.91338267654
-4.4098819764
-3.5
-8.24564912983
-16.324664933
-24.3328665733
-28.5
-32.0766153231
-44.6552310462
-56.5117023405
-57.2080416083
-52.9695939188
-58.3961792358
-71.0219043809
-75.8276655331
-80.3122624525
-86.5195039008
-89.5389077816
-93.7660532106
-95.1873374675
-97.2352470494
-102.414882977
-106.551110222
-105.405481096
-98.0868173635
-100.710442088
-99.4285857171
-100.409281856
-107.584016803
-107.225845169
-104.439087818
-103.266453291
-104.449589918
-95.1887377475
-102.5
-95.9915983197
-85.5224044809
-89.0266053211
-84.5210042008
-75.2930586117
-81.8725745149
-76.1764352871
-69.025905181
-63.0595119024
-60.2016403281
-52.5
-54.4173834767
-49.7709541908
-50.3039607922
-46.2885577115
-43.7835567113
-37.7422484497
-35.7576515303
-36.3634726945
-38.7836567313
-38.8480696139
-34.899079816
-32.6683336667
-30.175035007
-26.6586317263
-21.6665333067
-20.3397679536
-11.5
-9.64322864573
-10.6681336267
-11.8223644729
-0.511502300453
2.74434886977
5.99589917984
18.600620124
27.4301860372
31.7869573915
45.5957191438
46.7669533907
45.5526105221
62.7463492699
74.4704940988
72.0893178636
84.0576115223
105.428685737
98.8110622124
122.869573915
119.539807962
140.691838368
164.059611922
180.031906381
170.632626525
206.016203241
196.215543109
162.680936187
145.818163633
131.606221244
133.626225245
147.444588918
127.236647329
104.380076015
128.226145229
127.778555711
101.055611122
75.9631926385
69.2447489498
40.0961192238
23.3820764153
-22.4922984597
-39.1172234447
-22.3700740148
-12.2805561112
-46.3448689738
-43.2814562912
-30.6948389678
-47.9101820364
-57.1671334267
-75.2272454491
-74.7465493099
-58.5316063213
-70.6887377476
-90.6086217243
-62.8119623925
-35.6413282656
-26.2172434487
-17.9363872775
-7.72104420884
4.4923984797
10.9121824365
4.89167833566
5.21344268854
31.7657531506
53.8645729146
46.6424284857
44.1126225245
67.3522704541
77.9068813763
82.6477295459
82.3842768554
70.900880176
77.3916783357
73.9817963593
48.4093818764
40.5442088418
51.0517103421
50.3393678736
38.099919984
26.9658931786
19.9889977996
10.8373674735
3.22534506901
-14.0459091818
-24.0407081416
-34.7909581916
-50.7447489498
-67.0582116423
-62.7825565113
-63.0051010202
-71.0
-73.599319864
-90.3116623325
-99.2106421284
-100.5
-118.856271254
-125.952890578
-122.157631526
-134.126825365
-136.939987998
-126.402180436
-116.482796559
-111.24684937
-105.00340068
-111.24274855
-105.088817764
-105.440188038
-112.387177435
-111.908581716
-99.7120424085
-96.3410682136
-93.1368273655
-86.3044608922
-78.3352670534
-70.1830366073
-59.4464892979
-63.5723144629
-67.0
-64.5
-68.3049609922
-68.8188637728
-64.3635727145
-57.0
-56.5629125825
-51.9943988798
-52.5
-55.5
-51.9790958192
-59.7026405281
-66.5
-66.4983996799
-70.7775555111
-70.6904380876
-63.5946189238
-58.4910982196
-54.5065013003
-52.1195239048
-51.9029805961
-54.7236447289
-49.7101420284
-49.2082416483
-51.449189838
-40.9214842969
-31.2594518904
-27.0887177435
-19.1467293459
-5.93288657731
-2.17283456691
9.7199439888
4.76375275055
7.35297059412
19.9293858772
33.4787957592
38.6690338068
50.2029405881
67.1672334467
73.0202040408
91.7680536107
92.5917183437
110.24764953
119.662632527
126.186037207
135.941788358
140.279955991
157.976595319
165.852070414
174.608021604
205.50210042
223.922284457
257.636727345
259.636827365
192.793158632
156.862972595
129.135227045
148.25875175
148.632126425
140.25915183
116.711642328
133.74024805
129.105421084
112.199639928
82.024104821
70.2119423885
43.0897179436
5.0900180036
-41.8717743549
-73.7698539708
-63.5179035807
-39.2264452891
-45.3086617324
-60.8536707341
-47.8927785557
-61.1155231046
-70.00030006
-84.4617923585
-66.0730146029
-64.7230446089
-74.1925385077
-100.830866173
-72.2883576715
-32.4115823165
-4.83086617323
4.46149229846
25.0074014803
33.7846569314
36.6885377075
28.400180036
26.9417883577
50.6608321664
79.7957591518
72.6469293859
58.5650130026
74.076115223
101.825365073
118.319163833
106.650930186
89.950990198
85.8847769554
76.4435887177
51.1524304861
33.3881776355
41.8376675335
47.0582116423
35.5859171834
20.5708141628
2.31236247249
0.272954590918
-3.824764953
-26.4787957592
-48.125425085
-63.3783756751
-85.0629125825
-95.50060012
-92.9959991998
-93.0471094219
-87.0351070214
-91.5
-100.267153431
-107.133726745
-117.25605121
-113.5
-120.430386077
-107.365973195
-114.032406481
-124.407281456
-121.00210042
-105.324364873
-95.5212042408
-83.6882376475
-86.8687737548
-84.4583916783
-84.0733146629
-88.2098419684
-89.4050810162
-75.3486697339
-67.1774354871
-65.7317463493
-72.2892578516
-74.5027005401
-61.0412082416
-52.5681136227
-54.1118223645
-64.1343268654
-65.7609521904
-66.2662532507
-74.4910982196
-73.4053810762
-66.1191238248
-61.6663332667
-59.2868573715
-71.6387277456
-72.5523104621
-65.6376275255
-60.3419683937
-65.5287057411
-68.8314662933
-66.9195839168
-68.1531306261
-65.2181436287
-64.724544909
-54.024804961
-40.8218643729
-43.5
-45.9276855371
-44.2519503901
-38.4296859372
-32.3323664733
-25.7716543309
-18.8289657932
-12.3178635727
-4.89397879576
0.135927185439
5.15043008602
18.6794358872
29.4666933387
31.2862572515
28.4965993199
29.4954990998
44.4569913983
52.4673934787
59.4159831966
75.8097619524
79.4802960592
85.6231246249
100.945189038
99.9686937388
119.332966593
127.522704541
124.285957191
131.703340668
138.196939388
148.652030406
176.75365073
184.375875175
205.956691338
235.680236047
236.220844169
198.098619724
153.102120424
116.516503301
135.096519304
127.328765753
128.532806561
105.959691938
111.307161432
124.023704741
100.50910182
85.5875175035
72.2396479296
49.0786157231
18.5404080816
-24.575315063
-63.9715943189
-45.4470894179
-42.8570714143
-39.7064412883
-44.3974794959
-39.0731146229
-50.6833366673
-50.6954390878
-71.0
-49.1380276055
-50.2202440488
-61.3620724145
-80.8712742549
-57.5586117223
-28.9044808962
-3.87287457491
3.31896379276
29.9368873775
41.0
41.5832166433
30.0326065213
34.5425085017
57.3811762352
73.5786157231
65.6423284657
58.8145629126
71.2353470694
93.6188237648
97.4860972194
89.4875975195
82.0030006001
83.0046009202
61.7028405681
34.2337467493
21.5323064613
30.2599519904
27.0124024805
10.8601720344
1.09711942388
-6.85837167434
-9.89667933587
-25.525805161
-37.4212842569
-51.6870374075
-64.6021204241
-91.0638127626
-98.4381876375
-96.4634926985
-94.3200640128
-89.3695739148
-85.1722344469
-88.5
-84.8290658132
-93.6068213643
-99.5978195639
-99.3880776155
-95.649129826
-103.766953391
-109.358571714
-104.837267453
-92.7615523105
-81.3408681736
-74.873974795
-74.8721744349
-71.1450290058
-69.9065813163
-77.3849769954
-77.7864572915
-68.2795559112
-65.650930186
-65.1191238248
-64.5
-59.7374474895
-54.9989998
-48.3403680736
-55.7596519304
-55.2884576915
-58.1817363473
-65.5
-69.9844968994
-71.9432886577
-67.8942788558
-65.1569313863
-62.5903180636
-65.9586917383
-63.7125425085
-57.0
-57.7202440488
-63.0
-61.7720544109
-67.0
-62.4425885177
-52.0
-54.7300460092
-43.9691938388
-33.2552510502
-31.0049009802
-26.0175035007
-23.575615123
-20.7664532907
-11.1624324865
-9.45169033807
-8.6400280056
-3.25485097019
4.85717143429
9.76265253051
12.5434086817
20.0
22.2444488898
33.450390078
27.7057411482
29.49869974
41.600920184
48.0389077816
49.3515703141
59.8912782557
61.2457491498
74.8065613123
82.0896179236
81.0957191438
84.5134026805
97.4046809362
97.5548109622
108.129025805
115.338167634
119.068813763
136.916183237
145.885877175
161.974994999
173.826165233
190.826765353
191.455491098
166.444688938
137.268553711
124.861072214
117.594918984
121.158931786
109.366173235
100.666633327
104.374674935
104.092018404
89.4281856371
82.2766553311
58.7306461292
52.1897379476
22.4768953791
-10.5640128026
-34.0
-28.4102820564
-27.3359671934
-24.2871574315
-37.0
-30.7643528706
-29.8584716943
-39.7282456491
-46.0716143229
-42.6516303261
-38.5
-41.2944588918
-53.4849969994
-40.5189037808
-21.0832166433
-8.86767353471
2.40968193639
11.899479896
26.7321464293
31.4809961992
28.3679735947
34.3070614123
43.6399279856
48.550710142
52.0437087417
46.3926785357
48.2429485897
62.2789557912
66.8817763553
59.3129625925
57.4331866373
50.923984797
45.7451490298
25.2538507702
12.9110822164
13.3278655731
7.21934386877
-0.593618723745
-8.81666333267
-16.1338267654
-18.8159631926
-31.6266253251
-41.9827965593
-52.6656331266
-64.0513102621
-74.0051010202
-83.7294458892
-86.7645529106
-84.4083816763
-82.1699339868
-85.1370274055
-86.8069613923
-90.6969393879
-87.9053810762
-87.3407681536
-90.0654130826
-88.0
-91.1337267454
-91.6985397079
-86.7854570914
-80.6880376075
-68.9894978996
-59.6900380076
-56.8877775555
-52.6864372875
-53.9515903181
-53.2054410882
-47.4592918584
-51.6474294859
-47.5330066013
-47.0
-50.424084817
-45.0569113823
-35.9295859172
-31.9724944989
-27.5891178236
-36.2560512102
-38.9977995599
-40.9900980196
-43.0
-44.5187037407
-46.9603920784
-44.7329465893
-44.9790958192
-50.0767153431
-51.1716343269
-44.2824564913
-45.5363072615
-45.549209842
-50.7799559912
-53.8085617123
-49.4653930786
-46.6944388878
-46.6782356471
-39.6867373475
-33.9697939588
-28.425785157
-27.425185037
-25.6433286657
-17.9125825165
-12.6818363673
-10.6804360872
-7.03220644129
-1.98959791958
0.592918583718
5.78875775155
8.84316863373
16.3200640128
15.2656531306
20.8948789758
25.874874975
26.5
29.6439287858
39.0457091418
41.9874974995
47.2117423485
49.9181836367
55.5
60.1602320464
67.1809361872
65.0197039408
68.3344668934
66.7102420484
70.399479896
71.8560712142
79.0389077816
82.9445889178
89.2386477295
98.4441888378
96.6980396079
104.288657732
113.265553111
112.580816163
122.725245049
120.5
114.874874975
109.374974995
95.8057611522
85.5346069214
83.7365473095
82.9807961592
77.7327465493
72.9809961992
73.4765953191
71.5696139228
65.2210442088
56.1080216043
46.6388277655
36.1908381676
33.125825165
11.4913982797
0.651730346071
8.31696339268
7.08091618324
-2.23414682937
-1.50920184037
-10.375875175
-1.47619523904
-7.10432086418
-13.6864372875
-11.7696539308
-10.9275855171
-8.77465493099
-11.6841368274
-14.0
-4.37667533506
4.31896379276
7.81126225245
9.30356071214
7.07101420285
15.5
18.3172634527
13.1591318264
21.6927385477
27.0
19.99929986
24.5
17.4684936987
25.5898179636
28.4057811562
17.2221444289
16.4154830966
18.9563912783
10.7478495699
3.63932786557
1.24104820964
3.16233246649
-1.34276855371
-5.89717943589
-17.1418283657
-19.0
-22.0057011402
-32.3561712342
-41.6665333067
-43.7066413283
-48.525905181
-61.5577115423
-69.5401080216
-70.6412282456
-62.0324064813
-61.2214442889
-63.6235247049
-67.1874374875
-62.4149829966
-62.3157631526
-70.0
-69.2445489098
-63.5
-62.7567513503
-59.0122024405
-55.2599519904
-48.1518303661
-34.5353070614
-35.4569913983
-36.173934787
-31.675235047
-26.9338867774
-26.1476295259
-26.6983396679
-23.3661732346
-23.9107821564
-22.7092418484
-25.3061612322
-22.2400480096
-16.4415883177
-17.2291458292
-24.3568713743
-26.349169834
-26.024404881
-31.3337667534
-35.9890978196
-39.6367273455
-38.0
-38.2955591118
-41.4428885777
-38.1062212442
-39.4402880576
-37.8860772154
-39.5
-40.7567513503
-41.0
-40.6293258652
-38.149529906
-35.5
-28.6270254051
-26.0
-20.0943188638
-17.0
-15.4062812563
-11.1209241848
-9.0699139828
-3.83566713343
-0.656631326266
1.12232446489
1.3473694739
8.36647329466
11.4370874175
13.7362472495
18.2791558312
21.5136027205
17.9049809962
17.7063412683
18.3407681536
19.6438287658
25.0
23.6652330466
21.1708341668
27.8527705541
33.4164832967
24.6857371474
30.9189837968
24.0206041208
30.0117023405
31.2627525505
27.5320064013
29.698739748
35.9012802561
36.8038607722
37.4345869174
36.6026205241
37.3819763953
43.7166433287
44.925585117
44.3357671534
48.8652730546
56.9937987598
55.7369473895
53.8064612923
61.3968793759
68.6283256651
65.0680136027
70.2125425085
69.8028605721
71.5
66.9170834167
60.1627325465
61.5444088818
70.7597519504
60.2905581116
59.2366473295
62.0
66.1396279256
59.6422284457
51.3680736147
50.8780756151
56.2484496899
46.2036407281
34.0339067814
27.4119823965
34.3911782356
34.3549709942
22.5
22.8472694539
24.9065813163
24.1417283457
18.4856971394
12.8318663733
12.9361872375
21.0275055011
10.4374874975
5.36707341468
10.9382876575
15.7350470094
14.7803560712
11.698939788
11.2360472094
18.2933586717
16.2234446889
8.71434286857
9.38167633527
19.9440888178
18.3553710742
11.1892378476
10.5656131226
16.075315063
17.473894779
12.4708941788
7.5
7.25285057011
6.0
1.82386477295
-1.97119423885
-5.30476095219
-10.8452690538
-15.8961792358
-17.4403880776
-15.2836567313
-15.6125225045
-17.7086417283
-22.273954791
-21.5
-21.3941788358
-27.8526705341
-31.4393878776
-28.8144628926
-30.1366273255
-32.7113422685
-35.8479695939
-34.649329866
-28.1674334867
-27.3375675135
-26.274254851
-25.6905381076
-25.0
-24.0
-23.1068213643
-22.2213442689
-20.6145229046
-21.1316263253
-21.3666733347
-20.2478495699
-18.8897779556
-18.7675535107
-20.174234847
-17.7829565913
-17.1453290658
-17.899179836
-17.3469693939
-14.9068813763
-16.5
-17.6708341668
-19.8262652531
-20.3445689138
-20.5
-26.5
-25.5
-21.624624925
-22.6915383077
-24.1092218444
-25.0977195439
-24.9061812362
-24.3791758352
-23.1176235247
-25.1439287858
-24.4684936987
-24.7223444689
-23.9047809562
-18.9600920184
-14.5
-14.7622524505
-16.9663932787
-15.2454490898
-11.0
-11.4936987397
-7.04200840168
-10.7825565113
-8.01470294059
-7.69433886777
-7.5
-7.88127625525
-4.62042408482
-4.5
-5.38657731546
-5.91668333667
-4.09101820364
-5.5
-5.60642128426
-3.42118423685
-0.121824364873
0.87047409482
0.637227445489
0.5
1.42368473695
7.66033206641
4.58401680336
0.310662132428
4.40828165633
6.38227645529
6.5
9.88037607522
13.1786357271
18.3609721944
15.074114823
12.7879575915
19.2648529706
20.6291258252
19.7604520904
17.3477695539
17.1379275855
23.7835567113
25.4805961192
25.201040208
26.1933386677
27.8143628726
31.0169033807
28.4148829766
28.8312662533
28.5
26.8235647129
28.1394278856
31.3158631726
30.1899379876
29.3081616323
30.5431086217
31.6972394479
32.7796559312
33.7434486897
34.3443688738
34.1402280456
32.0936187237
31.1679335867
29.5940188038
32.1910382076
31.0316063213
33.5
33.5324064813
35.2457491498
37.49879976
37.2327465493
37.5146029206
39.9776955391
40.0300060012
38.575415083
37.0227045409
37.2344468894
39.6520304061
39.9314862973
41.9618923785
44.5402080416
43.2290458092
42.2979595919
39.7859571914
36.5
35.7448489698
35.4451890378
35.7932586517
37.8544708942
38.1532306461
37.5
38.4156831366
36.6618323665
34.5521104221
33.1917383477
28.900280056
28.9142828566
25.1445289058
22.6387277455
21.3848769754
23.1069213843
21.5
22.6233246649
18.1526305261
19.6531306261
17.6382276455
18.8920784157
14.7081416283
14.100220044
14.6145229046
12.5
15.1773354671
11.1696339268
10.3451690338
9.88557711543
12.3534706941
12.4305861172
11.1311262252
12.1234246849
12.6921384277
12.8379675935
11.5
7.54630926185
7.5
7.84556911382
6.06951390278
5.96909381876
5.44588917784
4.95359071814
3.0
-0.5
-1.7849569914
0.953190638127
-3.98419683937
-2.00040008002
-6.5
-5.01520304061
-5.73854770954
-5.0
-7.5
-7.5
-8.8925785157
-10.9692938588
-8.28455691138
-10.3847769554
-10.8767753551
-12.2694538908
-11.299959992
-13.9461892378
-10.7693538708
-10.6230246049
-11.6846369274
-13.3615723145
-13.6769353871
-12.8845769154
-12.8307661532
-13.9076815363
-12.4845969194
-15.8153630726
-11.1155231046
-11.99989998
-11.5616123225
-12.6768353671
-12.5537107421
-12.5
-13.7385477095
-11.6231246249
-13.0079015803
-11.7383476695
-10.5
-8.0
-8.32286457291
-11.1462292458
-9.599919984
-9.80786157231
-12.7233446689
-10.8383676735
-6.58451690338
-5.33066613323
-8.42318463693
-8.17703540708
-7.13822764553
-8.86947389478
-3.68423684737
-3.6924384877
-4.44628925785
-3.20014002801
-1.0
-0.5
-0.231846369272
1.07771554311
3.93878775755
4.60702140428
3.02290458092
2.46189237847
4.0
4.76135227045
4.5075015003
7.50730146029
6.00060012002
5.75405081016
8.46049209842
11.7147429486
10.0780156031
10.0778155631
12.9067813563
15.1685337067
13.5310062012
15.4302860572
17.0387077415
19.7074414883
20.5
22.399479896
23.8376675335
23.6522304461
24.3708741748
26.5
28.6524304861
27.3532706541
28.0772154431
31.9931986397
31.6603320664
31.8224644929
30.2778555711
34.3858771754
35.5987197439
33.4374874975
34.824064813
37.8287657532
38.3842768554
39.5
43.5
43.6318263653
41.975495099
43.1901380276
43.3329665933
45.3560712142
45.7673534707
45.0977195439
45.9626925385
49.5404080816
46.676135227
47.6684336867
49.1696339268
48.9234846969
47.0
49.9311862372
47.8700740148
49.6833366673
49.0782156431
48.3397679536
46.299559912
46.4542908582
44.4162832567
44.576015203
44.5
45.5
45.7235447089
47.0
46.5
44.574514903
46.9778955791
44.9927985597
45.7600520104
45.0010002
45.0174034807
44.4835967193
44.475895179
44.0477095419
43.0
42.0236047209
38.7225445089
39.0626125225
39.2148429686
37.1950390078
35.6214242849
33.0934186837
31.4044808962
32.2279455891
32.424784957
27.3105621124
25.3680736147
26.4301860372
24.8236647329
24.5775155031
19.6686337267
16.3408681736
24.3218643729
23.0
21.1935387077
17.2043408682
15.9365873175
17.5667133427
15.3108621724
11.3480696139
8.76025205041
7.7474494899
9.75515103021
7.86857371474
7.22944588918
10.4434886977
12.8929785957
12.1468293659
12.0034006801
7.34546909382
7.0
5.81116223244
7.08041608321
5.0
3.45729145829
5.6776355271
5.86297259452
3.87067413483
2.5
2.19303860772
2.7124424885
3.60222044409
1.0
1.70844168834
-0.037707541509
0.783856771354
0.0
0.0523104620934
0.433086617321
-1.0
-2.42698539708
-1.54300860172
-2.52070414083
-4.0
-3.50160032006
-4.75465093019
-0.0255051010181
0.0
-4.45139027806
-1.0
-0.0239047809555
-0.55551110222
-1.87357471494
-0.856371274253
0.421384276857
-0.206841368274
1.04700940188
0.398279655932
-0.445289057812
0.691438287658
-0.875175035007
1.68373674735
3.35977195439
1.79585917183
0.0
3.0050010002
0.67103420684
4.01810362072
2.40678135627
3.84706941388
4.69723944789
6.08091618324
6.82586517303
8.224944989
11.1857371474
9.37017403481
11.624024805
11.2442488498
8.63172634527
12.7711542308
15.8028605721
16.0
19.2057411482
18.599019804
14.774154831
19.4565913183
20.1625325065
21.75085017
22.6916383277
24.424084817
24.9323864773
24.2728545709
23.3712742549
25.3789757952
25.6933386677
28.8943788758
30.0979195839
29.4059811962
28.0437087417
29.925185037
31.2164432887
32.9108821764
33.3275655131
33.0440088018
32.5363072615
29.5572114423
32.4372874575
34.4933986797
36.5055011002
34.99889978
34.0
36.0088017604
36.2373474695
37.049509902
36.5814162833
34.8305661132
34.2219443889
35.5319063813
40.1430286057
40.0
39.326165233
40.5473094619
40.198839768
41.1100220044
38.3822764553
37.625425085
38.2662532506
41.6479295859
38.7970594119
37.7656531306
37.6639327866
37.5
37.8206641328
36.4675935187
36.0421084217
37.7914582917
37.3550710142
37.1089217844
36.0883176635
33.3833766753
36.1295259052
34.2486497299
37.1472294459
35.6039207842
34.8858771754
33.7205441088
35.425685137
35.0320064013
32.5064012803
31.5346069214
31.2269453891
29.674334867
26.9165833167
25.5232046409
25.1219243849
23.6782356471
22.7283456691
21.4421884377
24.0
21.0
18.5525105021
18.0134026805
16.0
18.3276655331
16.074214843
14.7167433487
14.7941588318
10.448889778
10.9348869774
9.53570714143
7.5700140028
7.95939187838
9.4873974795
8.2475495099
6.99859971994
8.02100420084
9.46359271854
7.26295259052
6.51680336067
5.5
3.57351470294
1.10822164433
2.59661932386
3.07211442288
0.460092018404
1.20624124825
3.9523904781
1.19853970794
2.0
1.28245649129
-0.62602520504
0.0
-0.641428285657
-4.85087017404
-3.0
0.832266453291
-1.91388277656
0.179935987197
-3.90618123625
-2.89067813563
-2.69543908782
-2.71074214843
-3.1723344669
-1.91078215643
-2.5
-3.61232246449
-2.74924984997
-2.37847569514
-2.60302060412
-3.41058211643
-5.5
-5.89387877576
-7.59091818364
-7.50790158031
-6.87827565513
-0.953590718143
-0.1525305061
0.166033206642
-1.84166833367
-1.84936987397
-0.142928585718
0.297159431885
-0.813762752551
-3.0599119824
-0.663632726544
-2.5
-2.29835967194
2.54450890178
4.0
4.46319263853
6.41478295659
5.55821164233
6.77525505101
9.43578715743
8.7675535107
11.0548109622
12.4802960592
11.0120024005
12.0043008602
13.0017003401
13.0
14.4717943589
14.5
13.0342068414
15.6871374275
16.049609922
14.5
13.0325065013
16.2136427285
17.9597919584
20.6178235647
20.0479095819
20.1035207041
21.4443888778
20.1905381076
17.0
17.2686537307
21.2159431886
21.350270054
23.6851370274
23.3325665133
23.4135827165
25.0
26.1882376475
26.0
26.3981796359
23.7113422685
25.1714342869
26.0
27.7655531106
25.0
26.0
25.8787757552
26.5
23.6135227045
22.8596719344
24.7883576715
23.0
26.7150430086
24.3770754151
22.1808361672
23.6731346269
24.8308661732
27.3422684537
24.549909982
24.6423284657
23.2692538508
24.0596119224
24.4403880776
24.2230446089
24.6885377075
22.6922384477
23.1326265253
22.4192838568
23.3174634927
23.0653130626
17.0864172835
20.274954991
21.9788957792
21.5
20.9865973195
22.7404480896
15.9828965793
15.0074014803
16.5020004001
15.0
14.0485097019
10.2906581316
11.3955791158
11.9574914983
9.57531506301
10.0
9.09841968394
8.57331466293
8.41898379676
8.91128225645
7.64462892578
4.90618123625
8.16453290659
4.61952390478
6.43638727746
5.6349269854
3.78605721144
5.30066013203
3.57901580316
1.83426685337
1.08671734347
0.681136227246
1.0
2.80346069214
3.89787957592
-1.64402880576
-1.39017803561
-2.63632726545
-1.6175235047
-3.11412282457
-0.250450090018
-2.12092418484
-3.73414682937
-4.0
-4.4374874975
-6.28895779156
-5.4449889978
-6.5
-9.40778155631
-6.95059011803
-6.65493098619
-9.4175835167
-10.8285657131
-9.57471494299
-10.4625925185
-12.8659731946
-10.0605121024
-9.11862372475
-10.6945389078
-10.0
-9.90448089618
-9.13172634527
-13.7900580116
-11.0724144829
-12.0
-13.5
-10.950690138
-12.4375875175
-10.4660932186
-10.9868973795
-11.2962592519
-14.0108021604
-11.7453490698
-13.5
-10.7438487698
-11.0
-10.2361472294
-9.98229645929
-11.0431086217
-9.52540508102
-10.0585117023
-7.5
-10.0
-10.5
-9.0
-9.0
-5.39527905581
-5.5
-8.93018603721
-7.5
-9.36447289458
-6.21484296859
-6.82546509302
-6.42068413683
-5.33366673335
-5.76105221044
-4.68173634727
-6.62112422485
-6.30286057212
-5.30726145229
-5.7874574915
-4.33036607321
-4.13602720544
-3.61782356471
-4.60172034407
-1.12552510502
-1.74124824965
0.366773354671
-0.274154830966
-1.35907181436
-0.394778955791
1.0
-1.0
1.03100620124
3.35927185437
2.64822964593
1.0
1.17173434687
3.22324464893
1.85887177436
1.29985997199
-0.187137427485
1.88197639528
1.0
1.5
-1.2974594919
0.41278255651
1.15903180636
2.07181436287
2.58971794359
1.94358871774
2.32306461292
1.0
2.53330666133
2.51280256051
1.98209641928
4.0
0.246249249849
1.9973994799
3.48709741948
3.0
0.292458491697
0.0
0.956291258251
0.0
-0.381776355272
-0.533406681336
-0.28725745149
-1.5
-1.17983596719
-2.30476095219
-0.789357871574
-4.44348869774
-5.75855171034
-3.82106421284
-5.90838167634
-2.85617123425
-2.0
-0.5
-1.33346669334
-3.41268253651
-4.63532706541
-7.5
-5.94208841768
-5.28095619124
-6.78685737147
-8.33126625325
-6.27145429086
-8.0275055011
-7.87197439488
-8.87417483497
-11.7593518704
-11.599419884
-12.225245049
-12.3587717544
-13.8704740948
-13.351070214
-13.5972194439
-11.8132626525
-14.0
-11.3356671334
-12.5818163633
-13.6720344069
-15.7035407081
-14.6405281056
-13.1328265653
-13.874874975
-17.676135227
-17.8048609722
-16.1020204041
-16.8113622725
-17.0866173235
-20.5
-17.6068213643
-18.5635127025
-16.5279055811
-20.0
-21.0
-23.0
-18.0875175035
-23.775955191
-23.9807961592
-23.5
-21.0087017403
-21.7837567513
-21.9363872775
-21.2355471094
-22.5
-22.2278455691
-22.0780156031
-25.5
-23.0
-22.3626725345
-25.7515503101
-21.6810362072
-21.950890178
-21.3940788158
-21.1136227245
-19.9319863973
-23.1774354871
-21.5898179636
-20.4332866573
-20.9781956391
-18.5799159832
-22.3324664933
-21.5
-19.3658731746
-20.7140428086
-17.0
-17.0
-16.2862572515
-18.7214442889
-18.0937187437
-17.0263052611
-17.2554510902
-16.626125225
-17.399879976
-17.4646929386
-17.775355071
-18.075415083
-18.0
-18.5
-20.0969193839
-21.1861372274
-19.8215643129
-16.9877975595
-15.4184836967
-14.6553310662
-15.0
-13.5401080216
-12.5661132226
-11.375475095
-12.3831766353
-12.0
-13.0
-10.9062812562
-7.5
-9.57831566313
-7.89407881576
-6.56291258252
-9.08281656331
-10.1787357471
-11.0
-8.43578715743
-8.53660732146
-9.75835167033
-8.99099819964
-7.99869973995
-7.99359871974
-5.74294858972
-5.53270654131
-7.44098819764
-7.48139627926
-3.7724544909
-0.631526305258
-3.12062412482
-1.89797959592
-3.5
-3.95829165833
-2.11332266454
-1.14822964593
-1.60652130426
-1.44288857772
-5.5
-0.694438887777
-2.72534506902
-1.6450290058
-0.479095819162
0.0
1.5
1.0
0.31646329266
-1.40438087618
-1.10212042409
-1.5
-1.14282856571
-1.44408881776
-2.22974594919
-1.7625525105
0.0
-0.620724144829
-0.760552110421
0.0
0.224044808963
-0.716343268654
0.374074814961
0.252350470097
0.0966193238655
-0.342768553711
-2.0
-1.50520104021
-3.91878375675
-3.82736547309
-4.92648529706
-7.86067213443
-6.32906581317
-3.75215043009
-2.82566513303
-0.717043408684
-4.24794958991
-4.79655931186
-2.0
-5.15543108622
-2.6400280056
-5.21884376875
-5.0
-2.95309061812
-5.0
-7.26575315063
-7.0
-7.01610322065
-8.50420084017
-8.49929985997
-8.99299859972
-6.48529705941
-9.55601120224
-10.9397879576
-9.0
-11.1362272455
-9.63302660532
-10.8413682737
-10.9313862773
-9.78815763153
-12.9159831966
-9.59171834367
-13.1520304061
-10.5
-11.0574114823
-11.6887377475
-14.1302260452
-9.86207241448
-13.6359271854
-11.0200040008
-12.4025805161
-11.8374674935
-9.64712942589
-12.0
-12.4040808162
-11.0986197239
-10.5855171034
-10.5701140228
-12.1113222645
-14.325865173
-11.6429285857
-11.5085017003
-11.8870774155
-12.7611522304
-14.3278655731
-11.2234446889
-8.28425685137
-10.0
-13.350170034
-10.9815963193
-9.44518903781
-11.9113822765
-11.5043008602
-12.3381676335
-9.82706541308
-9.63392678535
-7.36127225445
-11.8689737948
-8.62332466493
-8.61562312463
-10.8039607922
-10.0
-9.4074814963
-11.2031406281
-7.0
-6.0
-5.78085617123
-5.05401080216
-5.45369073815
-5.46139227846
-7.0
-5.53480696139
-7.54650930186
-7.49219843969
-5.24974994999
-7.47719543909
-4.0
-3.0
-2.70394078816
-5.0
-2.95389077816
-6.1076215243
-4.71924384877
-2.39617923585
-1.21154230846
-2.21154230846
-4.5
-3.050010002
0.911582316461
1.76915383077
1.0
1.06541308262
-1.36147229446
1.2075415083
1.01910382076
0.161632326464
-1.16533306661
0.411482296459
1.36947389478
2.01890378076
0.949789957994
0.81176235247
0.357771554311
0.776755351071
0.634526905382
2.0
3.50730146029
4.0
4.16613322664
6.7874574915
5.72284456891
5.28485697139
8.5851170234
8.34986997399
10.1920384077
6.31566313263
7.7350470094
8.16893378676
9.74184836967
7.69293858772
8.57291458292
9.31906381276
9.43478695739
9.81136227245
13.0
9.39267853571
9.19923984797
8.52020404081
9.91578315663
8.42348469694
5.20644128826
6.93888777755
6.94658931786
5.40858171634
4.15203040608
7.17423484697
8.48869773955
7.2574514903
7.50720144029
7.00100020004
6.99589917984
7.96819363873
8.03540708142
5.46869373875
5.55851170234
6.22664532907
7.94558911782
6.65683136627
6.13962792558
6.71124224845
6.0426085217
4.59291858372
5.29875975195
5.4124824965
3.94198839768
3.93558711742
6.80286057212
2.36087217443
1.14682936587
3.34546909382
6.0
0.0
1.0
3.0
0.59651930386
0.29925985197
0.312662532506
-1.56771354271
-1.22384476895
-0.731546309262
-1.88037607522
-0.879575915184
-1.12732546509
-3.0
-4.0
-2.44448889778
-1.78545709142
-1.68973794759
-0.150430086017
-1.90428085617
-0.341868373675
0.471894378876
-3.9974994999
-3.83936787357
-0.694138827763
-3.21784356871
-5.18123624725
-4.12982596519
-2.37787557511
-2.44278855771
-4.0
-5.0
-4.29565913183
-6.95819163833
-8.0
-5.27285457092
-7.43948789758
-9.94718943789
-8.13722744549
-7.0
-6.52970594119
-7.53300660132
-12.0286057211
-10.0066013203
-10.2516503301
-7.50880176035
-6.54950990198
-8.90318063613
-11.2021404281
-9.0
-8.77365473095
-9.1100220044
-9.28135627125
-9.0
-8.92188437688
-9.45709141828
-9.40648129626
-5.80366073215
-6.39107821564
-8.11662332466
-10.0
-12.3679735947
-10.3602720544
-11.7788557712
-11.0
-11.0
-10.5116023205
-12.8217643529
-10.1570314063
-10.0
-8.94798959792
-8.41808361672
-9.85837167433
-9.66333266653
-11.1964392879
-8.23984796959
-9.0
-12.4894978996
-11.474094819
-9.27065413083
-9.77575515103
-11.4302860572
-10.5875175035
-13.0956191238
-9.5725145029
-12.8415683137
-11.5877175435
-11.6645329066
-8.4199839968
-8.0
-7.63842768554
-4.63692738548
-9.12922584517
-8.81076215243
-5.22764552911
-10.0
-6.80316063212
-6.59071814363
-7.95849169834
-9.15063012603
-7.03380676135
-4.88017603521
-5.13052610522
-8.68323664733
-6.87117423484
-4.79365873175
-3.08561712343
-8.4725945189
-7.00600120024
-6.5
-8.99059811962
-10.0684136827
-8.0
-6.4024804961
-7.45979195839
-5.45209041808
-6.11122224445
-2.90828165633
-5.85797159432
-5.5
-5.41358271654
-6.70294058812
-6.0
-4.0
-5.05861172234
-7.0
-7.06631326265
-7.53950790158
-5.07401480296
-5.31146229246
-4.58171634327
-6.67113422684
-8.1423284657
-5.78365673135
-10.1942388478
-8.94708941788
-9.89517903581
-8.35867173435
-8.6125225045
-9.13362672535
-8.12022404481
-7.87777555511
-13.0
-10.0
-12.0931186237
-8.77895579116
-9.14332866573
-7.79435887177
-6.69793958792
-9.4048809762
-9.65873174635
-10.650330066
-6.66713342669
-5.47829565913
-11.3482696539
-12.4958991798
-10.9089817964
-10.2572514503
-7.75815163033
-9.77355471094
-8.39447889578
-12.0
-9.38517703541
-9.9175835167
-10.0
-13.0
-10.7203440688
-13.8451690338
-10.5439087818
-13.5181036207
-13.0
-15.0
-13.4868973795
-14.9891978396
-13.24884977
-15.9849969994
-17.0
-16.974594919
-15.0662132426
-15.9591918384
-14.0
-13.0843168634
-13.8721744349
-16.4641928386
-14.5793158632
-16.4564912983
-17.1079215843
-16.051210242
-14.6949389878
-16.0589117824
-15.6872374475
-17.8667733547
-18.6795359072
-15.2229445889
-19.1718343669
-17.2460492098
-20.3282656531
-18.3588717744
-20.0
-19.8051610322
-16.2974594919
-21.6846369274
-20.5
-20.3871774355
-21.3666733347
-19.4820964193
-20.125625125
-19.7435487097
-20.1179235847
-23.2281456291
-21.0
-21.0
-21.2050410082
-20.4539907982
-20.6207241448
-18.7048409682
-21.4128825765
-18.6669333867
-14.1588317664
-17.651130226
-20.0717143429
-20.0
-20.7439487898
-19.6203240648
-18.0
-18.6049209842
-20.0486097219
-22.0
-19.8363672735
-21.1482296459
-20.0332066413
-18.4412882577
-17.051010202
-18.4566913383
-20.4643928786
-20.0
-19.0404080816
-19.2312462493
-17.9903980796
-15.4970994199
-15.0106021204
-16.9816963393
-13.0910182036
-15.300560112
-12.9378875775
-14.049109822
-15.3579715943
-15.0
-16.0722144429
-17.5799159832
-14.9123824765
-18.0
-16.2060412082
-14.3892778556
-18.3223644729
-15.9346869374
-18.1338267654
-15.1038207642
-15.7015403081
-13.5
-12.0
-15.6723344669
-15.4099819964
-11.9367873575
-13.0863172634
-10.7968593719
-10.3162632527
-11.6407281456
-11.3868773755
-12.8669733947
-10.7416483297
-10.2519503901
-13.7711542308
-10.6176235247
-11.1362272454
-11.6099219844
-14.5682136427
-11.4088817764
-15.0
-16.0945189038
-14.6373274655
-13.0
-11.6670334067
-15.3164632927
-14.849469894
-14.8571714343
-13.8175635127
-13.5637127425
-13.3802760552
-9.44398879776
-11.6043208642
-9.19323864773
-11.0
-15.4593918784
-12.4264852971
-14.9341868374
-13.4418883777
-12.899179836
-12.8567713543
-11.0700140028
-10.6817363473
-10.0294058812
-12.976195239
-13.9957991598
-10.0
-12.9887977596
-10.924384877
-12.0532106421
-13.4656931386
-13.0840168034
-12.0
-12.0
-7.86977395479
-11.9635927185
-12.1292258452
-12.0882176435
-11.9897979596
-13.3445689138
-13.3886777355
-12.0
-14.3732746549
-14.2688537708
-15.0
-14.0
-14.3424684937
-14.3304660932
-17.1635327065
-14.0903180636
-16.3441688338
-17.2059411882
-13.2962592519
-14.1343268654
-14.8595719144
-11.2268453691
-14.2654530906
-12.0
-13.49989998
-14.0
-14.2346469294
-14.0
-16.7807561512
-14.8557711542
-17.3980796159
-16.5442088418
-12.2826565313
-17.4788957792
-18.8269653931
-16.3306661332
-15.7364472895
-17.350070014
-19.0
-20.3172634527
-17.8097619524
-16.5
-17.8885777155
-15.6037207441
-16.0
-17.1175235047
-13.8387677536
-15.6458291658
-16.0978195639
-15.4424884977
-17.450190038
-17.6263252651
-19.8967793559
-17.0
-18.0
-19.0226045209
-19.0036007201
-20.5041008202
-19.0
-15.0
-16.0
-15.5349069814
-16.0
-15.0
-15.9419883977
-13.4342868574
-14.9265853171
-14.5811162232
-15.0888177636
-14.7982596519
-13.8957791558
-12.0821164233
-15.3205641128
-14.6273254651
-11.5675135027
-12.6427285457
-14.0
-15.6709341868
-14.0
-12.9896979396
-12.2718543709
-13.1555311062
-17.0
-15.0913182637
-15.8180636127
-13.2802560512
-13.5
-13.8675735147
-12.3642728546
-12.24944989
-13.8873774755
-9.70214042809
-10.2736547309
-10.9533906781
-12.1328265653
-11.5081016203
-10.6089217844
-11.2182436487
-9.31986397279
-7.75865173035
-6.67053410682
-7.47109421885
-8.70134026805
-9.28325665133
-8.04910982196
-9.43688737747
-9.80926185237
-9.5
-10.3015603121
-10.5477095419
-10.5
-10.5400080016
-8.42768553711
-10.8707741548
-10.1138227646
-10.975395079
-7.95849169834
-11.5
-8.18473694739
-8.52760552111
-10.7553510702
-9.49549909982
-8.99529905981
-8.0124024805
-9.7399479896
-11.9443888778
-9.30326065213
-11.4135827165
-11.775455091
-10.5586117223
-8.56631326265
-8.0
-9.83656731346
-10.4105821164
-7.59711942388
-9.89517903581
-9.30626125225
-9.12022404481
-8.05811162232
-8.43218643729
-9.82166433287
-12.848969794
-8.82936587317
-10.4167833567
-8.0
-10.1818363673
-9.0
-8.70414082817
-8.88517703541
-10.425285057
-12.4406881376
-9.77195439088
-11.6036207241
-8.3651730346
-13.5
-11.7411482296
-14.2334466893
-13.5485097019
-13.4548909782
-11.7103420684
-9.39867973595
-11.0
-10.2808561712
-10.1602320464
-8.25775155031
-8.67173434687
-11.3435687137
-13.2974594919
-13.7884576915
-11.0
-11.1884376875
-11.8820764153
-14.5
-11.5962192438
-13.3103620724
-10.2935587117
-12.0
-14.1434286857
-14.1280256051
-16.4436887377
-14.0972194439
-17.0
-17.9335867173
-13.2372474495
-13.9554910982
-12.7651530306
-12.00120024
-12.7473494699
-15.0130026005
-12.1982396479
-13.0284056811
-11.5361072214
-13.9123824765
-13.8272654531
-14.9407881576
-12.299259852
-15.074614923
-13.3734746949
-13.9099819964
-15.4022804561
-14.1054210842
-14.6131226245
-14.7583516703
-13.3714742949
-14.1362272454
-14.6439287858
-17.6967393479
-15.5220044009
-13.50110022
-12.674734947
-14.7263452691
-13.6197239448
-11.4945989198
-14.4110822164
-16.3602720544
-14.0814162833
-12.7713542709
-12.7363472695
-13.0
-13.875875175
-13.8702740548
-16.650730146
-14.3625725145
-15.7825565113
-14.8548709742
-17.601020204
-18.1943388678
-18.6267253451
-16.1605321064
-16.2431486297
-14.1682336467
-15.3116623325
-13.175935187
-13.648929786
-10.1836367273
-10.4374874975
-11.0
-11.5
-12.4028805761
-10.0942188438
-11.0865173035
-11.8029605921
-9.78555711142
-11.8731746349
-10.2778555711
-13.524004801
-11.2298459692
-10.9836967393
-11.0
-11.5086017203
-13.4904980996
-12.5018003601
-13.7470494099
-10.0272054411
-13.0213042609
-15.9419883977
-11.9632926585
-10.5666133227
-10.3281656331
-10.3803760752
-11.0
-9.0376075215
-8.5
-9.90938187638
-9.8974794959
-10.2879575915
-9.0
-10.5607121424
-9.87087417484
-8.13682736547
-10.6777355471
-10.3044608922
-7.6700340068
-9.8323664733
-4.48699739948
-5.4575915183
-5.38147629526
-7.20624124826
-6.58771754351
-9.10692138428
-11.3038607722
-10.1561312262
-10.8423684737
-8.75535107021
-6.87617523505
-9.9798959792
-7.46449289858
-7.27545509102
-6.89157831566
-10.2091418284
-8.0
-7.15313062612
-5.0
-8.85667133427
-6.17063412683
-7.66853370674
-6.68953790758
-7.29505901181
-8.4300860172
-8.44818963793
-5.0
-5.69163832766
-7.39097819564
-7.60132026405
-11.0936187237
-8.12112422484
-7.46089217844
-8.0
-6.12562512503
-8.0
-6.9525905181
-8.80956191238
-9.03200640128
-7.21354270854
-7.01660332066
-10.2544508902
-9.00060012002
-10.0
-10.5071014203
-10.4342868574
-13.0148029606
-12.6865373075
-10.8874774955
-9.22364472895
-9.93958791758
-11.5
-10.6516303261
-9.0
-9.5
-6.20054010802
-6.89337867574
-11.0
-12.4389877976
-10.6851370274
-11.0
-10.0
-11.0
-9.67893578716
-11.2523504701
-12.6481296259
-13.0
-10.0
-12.199039808
-10.4134826965
-8.78555711142
-9.27785557112
-11.8850770154
-11.8687737548
-10.1226245249
-10.4940988198
-10.6516303261
-11.5367073415
-11.8098619724
-9.78375675135
-11.125625125
-13.0
-15.3862772555
-12.6291258252
-11.3222644529
-11.0850170034
-11.0
-10.5773154631
-11.6469293859
-9.41768353671
-14.0527105421
-13.5
-14.6919383877
-12.5542108422
-13.300360072
-10.0930186037
-12.8779755951
-11.9223844769
-10.2150430086
-11.9066813363
-11.2227445489
-9.07021404281
-10.0782156431
-10.0314062813
-10.4525905181
-10.9919983997
-14.2458491698
-11.4987997599
-10.225145029
-7.55181036207
-13.5450090018
-12.5302060412
-11.4620924185
-10.9543908782
-12.8832766553
-12.4084816963
-13.1469293859
-13.5382076415
-14.2920584117
-11.7295459092
-9.89927985597
-10.2855571114
-9.15523104621
-9.6226245249
-11.2606521304
-11.4309861972
-9.14572914583
-11.3465693139
-9.68603720744
-12.3311662332
-8.16173234647
-14.2236447289
-16.075815163
-12.0
-11.1463292659
-13.7473494699
-17.2523504701
-14.5391078216
-13.2381476295
-11.6229245849
-12.3767753551
-8.78375675135
-11.3844768954
-10.9466893379
-9.43128625725
-9.2301460292
-9.59951990398
-12.3850770154
-13.0
-9.83856771354
-10.0
-9.33826765353
-11.6919383877
-7.35367073415
-7.56931386277
-7.0
-8.87677535507
-7.61552310462
-10.1078215643
-10.799759952
-8.68483696739
-6.03820764153
-8.92298459692
-8.56931386277
-11.0
-9.44608921784
-10.0231046209
-10.8077615523
-10.5154030806
-9.16913382676
-12.9691938388
-10.5077015403
-11.0
