-6.0
-7.50770154031
-5.99229845969
-8.52310462092
-8.48459691938
-11.0
-10.0
-9.22304460892
-4.21564312863
-7.06191238248
-3.96149229846
-4.29235847169
-4.31516303261
-1.399879976
0.0687137427486
-1.80776155231
-0.376775355071
2.63092618524
3.5
3.88417683537
0.808061612322
3.0
4.0
1.17713542709
1.18483696739
0.346269253851
0.29975995199
-1.47779555911
-1.17653530706
-0.776655331066
-0.5
-0.23874774955
0.5
-0.00830166033205
-0.607221444289
-0.960892178436
-1.55451090218
-1.3924784957
-3.06101220244
-3.69873974795
-5.80806161232
-7.40788157632
-7.66173234647
-8.66883376675
-10.0
-9.84656931386
-9.14572914583
-6.8450690138
-10.5
-13.9386877375
-15.3074614923
-15.0
-17.49879976
-17.0918183637
-15.8317663533
-16.4617923585
-17.4312862573
-14.0305061012
-13.1700340068
-14.0
-11.8068613723
-13.9093818764
-12.7612522505
-13.9777955591
-9.26065213043
-8.0024004801
-9.01660332066
-5.01600320064
-0.238147629526
-1.03140628126
2.07821564313
0.476595319064
5.33176635327
6.78225645129
5.00530106021
3.69403880776
6.25595119024
10.8139627926
13.4981996399
11.5542108422
10.0
11.376175235
18.8684736947
18.5
19.3234646929
21.5
21.5130026005
21.3299659932
25.6611322264
25.7781556311
30.6137227445
35.1987397479
35.1658331666
39.5406081216
43.1901380276
46.5367073415
47.4122824565
51.8764752951
58.3678735747
61.8687737548
66.7298459692
69.4442888578
74.5
75.4134826965
80.199039808
81.5
83.3163632727
83.0139027806
87.1635327065
83.3302660532
83.6528305661
83.8548709742
83.725145029
81.6297259452
78.4389877976
78.2713542709
75.3933786757
72.200540108
67.7719543909
61.5412082416
57.424184837
55.2159431886
51.5302060412
49.9472894579
47.6849369874
44.149229846
37.0
34.9780956191
31.9644928986
28.9934986997
30.9975995199
26.0
24.524904981
19.7378475695
16.5960192038
15.7698539708
14.0237047409
9.5
9.06281256251
7.71474294859
7.46089217844
3.58591718344
3.09361872374
2.60132026405
0.55451090218
-0.616723344669
-5.18893778756
-3.31606321264
-7.15043008602
-5.0574114823
-9.76715343069
-11.1629325865
-9.25595119024
-9.33916783357
-10.0
-9.76565313063
-5.90288057612
-6.35457091418
-6.21684336867
-6.72454490898
-5.0
-6.4798959792
-5.38087617524
-5.12232446489
-5.0
-5.31226245249
-1.13922784557
-1.17923584717
-0.412282456491
-0.698439687938
-0.963892778556
-0.725445089018
1.0
3.49709941988
3.30976195239
0.956691338268
5.67773554711
3.72634526905
4.68543708742
1.06071214243
2.03430686137
2.15903180636
2.1025205041
1.09061812362
4.79145829166
3.5
2.4324864973
0.0598119623925
0.0
0.477795559112
0.5
-2.52900580116
-6.80326065213
-7.0
-7.25295059012
-10.4972994599
-12.5
-12.4913982797
-14.450190038
-17.9673934787
-19.5403080616
-19.9039807962
-17.8335667133
-18.9365873175
-21.5711142228
-17.5394078816
-19.8797759552
-21.4057811562
-20.2961592318
-21.0
-21.1173234647
-21.0
-19.5
-17.1404280856
-18.0
-16.0
-16.6588317664
-18.9862972595
-14.9815963193
-14.4665933187
-16.1943388678
-13.4040808162
-14.3548709742
-9.2174434887
-5.72514502901
-2.58211642328
-5.12972594519
-2.49649929986
0.122024404881
0.5
2.0
5.5
5.24634926985
7.0
7.19783956791
9.3450690138
10.3648729746
14.5
19.3329665933
18.4889977996
20.5
24.3976795359
26.7724544909
28.5572114423
30.6208241648
35.0
37.2108421684
38.3965793159
41.3600720144
49.6646329266
54.5
56.850370074
61.0296059212
62.1030206041
66.6314262853
71.1958391678
70.0852170434
72.7396479296
75.0130026005
77.2526505301
77.0
76.4898979796
74.5445089018
74.7372474495
73.5166033207
74.8522704541
69.475695139
68.6126225245
65.0960192038
62.0
60.1588317664
55.4677935587
54.4051810362
51.5
46.6653330666
44.6627325465
41.1884376875
39.0
35.3525705141
31.2705541108
23.5782156431
22.6641328266
25.4140828166
19.8590718144
14.874474895
14.6949389878
11.8986797359
10.1310262052
8.28195639128
4.72574514903
3.23344668934
1.61172234447
1.12442488498
-3.0
-4.60362072414
-7.08781756351
-7.16103220644
-10.6379275855
-7.5901180236
-11.7041408282
-13.8447689538
-10.7727545509
-14.3482696539
-13.5832166433
-17.8293658732
-18.7265453091
-17.6783356671
-17.7034406881
-16.3022604521
-17.4398879776
-17.1125225045
-12.5524104821
-12.7014402881
-10.8211642328
-10.5817163433
-10.6850370074
-11.8673734747
-8.41208241648
-5.22454490898
-5.52160432086
-4.46449289858
-4.97219443889
-6.04020804161
-4.9875975195
-5.25235047009
-2.00300060012
-1.0
0.472394478896
-1.52610522104
-0.966193238648
1.77075415083
1.95079015803
0.778455691138
-2.40308061612
-2.14462892579
-2.0
-4.82456491298
-3.90458091618
-4.90468093619
-8.22294458892
-8.23704740948
-9.18443688738
-12.3660732146
-14.8583716743
-16.026005201
-17.8429685937
-17.3352670534
-22.8275655131
-26.8198639728
-30.124324865
-28.4566913383
-29.7032406481
-30.5664132827
-29.7813562713
-31.5473094619
-35.5319063813
-36.7417483497
-39.3763752751
-41.8928785757
-39.6027205441
-41.9548909782
-43.2802560512
-39.575915183
-39.0565113023
-34.6067213443
-35.6889377876
-33.0
-31.1632326465
-30.74874975
-30.025605121
-30.5487097419
-27.9281856371
-22.8649729946
-23.0
-21.700940188
-20.9178835767
-17.8126625325
-15.5087017403
-18.8223644729
-17.3377675535
-12.9265853171
-10.9142828566
-11.9709941988
-11.449689938
-10.9573914783
-5.89527905581
-5.01360272054
-5.22074414883
-3.5
-3.74794958992
-2.49639927986
-1.01130226045
0.9524904981
0.736647329466
0.0344068813762
5.45789157832
5.54980996199
9.72124424885
10.9347869574
12.6406281256
13.8387677536
20.3233646729
22.5480096019
24.2074414883
28.4428885777
34.1904380876
36.6195239048
40.0482096419
44.7866573315
47.575315063
49.4728945789
55.1673334667
55.2404480896
59.6385277055
60.9057811562
63.3038607722
64.5
66.2788557712
63.7807561512
66.1365273055
62.0866173235
61.9846969394
60.0
59.7577515503
58.7345469094
53.8865773155
52.4212842569
46.6057211442
47.2406481296
42.8039607922
41.0
35.9096819364
32.1635327065
30.8347669534
23.7123424685
24.25085017
20.9631926385
16.5672134427
16.0
11.2380476095
12.1660332066
6.74094818964
3.90408081616
1.77945589118
-0.258451690338
-1.92718543709
-3.13022604521
-4.22964592919
-9.0
-11.5210042008
-11.2328465693
-12.5133026605
-14.7783556711
-17.0
-19.0070014003
-19.0
-18.7440488098
-21.0
-22.0
-23.9299859972
-24.4145829166
-23.126025205
-22.6162232446
-24.3683736747
-23.4264852971
-22.0
-24.1778355671
-23.0966193239
-22.9064812963
-22.3319663933
-19.6901380276
-18.1911382276
-19.4526905381
-16.7856571314
-18.325265053
-17.6044208842
-16.0
-14.1736347269
-17.5440088018
-17.4054810962
-13.2130426085
-14.4088817764
-13.1439287858
-11.8297659532
-11.6362272454
-9.97049409882
-10.0
-12.4986997399
-11.1208241648
-10.7339467894
-14.5475095019
-13.7814562913
-14.5271054211
-14.0937187437
-15.7931586317
-19.875475095
-20.950090018
-24.0
-26.1646329266
-30.9853970794
-30.723844769
-33.3207641528
-37.0669133827
-38.7522504501
-41.7631526305
-41.2214442889
-44.7060412082
-46.0
-47.9561912382
-47.4200840168
-47.5
-45.0
-47.5568113623
-48.725445089
-47.5414082817
-48.199439888
-49.4869973995
-48.0
-46.0159031806
-45.7485497099
-44.5072014403
-44.2687537507
-47.449489898
-44.3883776755
-42.5890178036
-40.3149629926
-41.0
-37.6619323865
-36.6328265653
-32.925885177
-34.1227245449
-31.2052410482
-27.7430486097
-25.0926185237
-25.1689337868
-24.3796759352
-25.1280256051
-26.0
-21.7151430286
-19.674434887
-15.4764952991
-19.1661332266
-14.2386477295
-13.0
-13.5948189638
-10.3486697339
-10.1025205041
-6.78185637127
-6.44888977796
-6.27185437087
-4.97169433887
-1.35887177435
1.5
4.24104820964
6.0
8.38717743549
10.1538307662
8.78975795159
9.7025405081
13.3896779356
19.874274855
25.1280256051
30.6717343469
31.9179835967
35.7971594319
39.2229445889
41.4613922785
42.5666133227
47.625525105
50.4410882176
52.6354270854
52.051210242
51.4052810562
52.8694738948
52.5793158632
52.4641928386
51.8458691738
49.9718943789
47.6772354471
47.5204040808
46.1672334467
43.949189838
41.5177035407
35.4899979996
33.4976995399
31.5081016203
26.7696539308
21.5104020804
23.7927585517
20.5724144829
17.3597719544
13.1032206441
8.44068813763
5.03350670134
2.28735747149
-0.75275055011
1.2950590118
1.04890978196
0.894478895779
-2.83016603321
-4.31046209242
-10.4854970994
-6.90918183637
-10.4279855971
-11.3482696539
-15.8405681136
-18.1650330066
-24.4125825165
-23.6825365073
-21.8097619524
-25.8958791758
-24.5
-23.1433286657
-26.3368673735
-28.1356271254
-26.4728945789
-28.1162232446
-28.8703740748
-28.8797759552
-29.599119824
-29.8375675135
-29.5653130626
-28.1855371074
-27.850970194
-27.5144028806
-24.6567313463
-22.6788357672
-22.5067013403
-21.0
-22.0
-19.8338667734
-22.5613122625
-19.6326265253
-16.875075015
-16.5
-16.0857171434
-18.6527305461
-18.4205841168
-17.0864172835
-15.7106421284
-15.0355071014
-16.0633126625
-15.9443888778
-16.5
-12.0201040208
-14.2337467493
-13.5372074415
-16.0
-12.5282056411
-16.5
-20.9879975995
-18.7431486297
-24.925085017
-23.2936587317
-24.9447889578
-26.5445089018
-29.3433686737
-30.4400880176
-29.5676135227
-33.424684937
-37.4584916983
-39.9092818564
-42.2047409482
-43.6816363273
-46.0569113823
-48.6892378476
-47.3876775355
-50.8630726145
-49.5
-52.5
-51.6799359872
-51.3354670934
-48.9385877175
-54.024704941
-53.3091618324
-51.7536507301
-53.8968793759
-52.8569713943
-50.6108221644
-47.9173834767
-46.3814762953
-46.8828765753
-47.5
-46.2601520304
-43.1696339268
-42.0611122224
-41.424884977
-40.1864372875
-38.2986597319
-37.0
-35.5289057812
-35.6435287057
-34.3294658932
-33.2557511502
-29.6551310262
-31.4262852571
-28.7205441088
-24.5
-25.375675135
-24.4416883377
-23.3044608922
-18.2024404881
-19.3129625925
-17.8283656731
-15.7109421884
-13.6056211242
-9.81186237247
-9.9449889978
-8.95269053811
-6.0
-3.53190638128
-0.463692738547
0.0165033006604
2.02640528106
4.0
7.0
6.51430286057
13.8899779956
15.1163232647
16.5187037407
20.2274454891
21.0264052811
26.3407681536
28.7953590718
33.5602120424
36.0
38.5217043409
41.450490098
43.5899179836
46.0572114423
47.6889377876
48.4350870174
49.5437087417
50.0726145229
49.3470694139
50.5803160632
49.0025005001
49.1479295859
49.8418683737
50.5
45.3982796559
45.8965793159
44.9281856371
41.1667333467
39.4598919784
35.6188237648
32.4906981396
32.0
28.7607521504
25.4026805361
23.5
21.6419283857
19.374674935
14.0985197039
10.0
8.47199439888
6.41118223645
3.1650330066
1.09441888378
-3.0
-6.0
-6.27825565113
-12.2628525705
-15.0
-12.325965193
-13.3041608322
-13.600620124
-13.7964592919
-15.9573914783
-18.1550310062
-19.0
-18.7810562112
-20.4727945589
-19.5467093419
-23.9414882977
-25.7969593919
-24.0354070814
-27.2579515903
-23.5287057411
-25.4989998
-27.9819963993
-27.7276455291
-27.0113022605
-27.7651530306
-29.0
-26.1814362873
-27.0267053411
-28.2194438888
-26.0688137628
-26.8647729546
-26.0
-24.2959591918
-22.400380076
-23.0
-22.5575115023
-21.0568113623
-22.173934787
-18.8190638128
-19.0
-16.8267653531
-15.9193838768
-16.9931986397
-16.6182236447
-19.0
-18.9039807962
-19.100520104
-20.3962792559
-20.7151430286
-22.3885777155
-21.0389077816
-22.0956191238
-20.2540508102
-21.3731746349
-25.2386477295
-27.8654730946
-28.9464892979
-30.3577715543
-35.7921584317
-36.050210042
-40.7886577315
-42.3152630526
-42.2655531106
-44.0040008002
-46.4191838368
-48.6539307862
-49.1462292458
-52.1385277055
-50.1308261652
-53.6231246249
-55.1731346269
-54.8922784557
-55.799959992
-54.3884776955
-56.3730746149
-56.0192038408
-58.1384276855
-60.8769753951
-57.9192838568
-52.4538907782
-53.4039807962
-51.5307061412
-49.5345069014
-49.4846969394
-47.4961992398
-46.75015003
-47.4882976595
-47.2422484497
-46.0
-44.2654530906
-43.0772154431
-41.5926185237
-40.4729945989
-35.8425685137
-32.5
-35.7114422885
-34.6272254451
-32.5
-31.150330066
-28.8039607922
-29.4421884377
-28.9349869974
-26.4344868974
-22.8193638728
-23.9267853571
-22.1353270654
-19.1618323665
-16.3347669534
-18.1455291058
-14.1575315063
-10.4815963193
-11.900680136
-9.10402080416
-7.5
-8.77655531106
-4.86557311462
-0.477695539107
-0.873274654931
0.372874574915
1.71414282857
6.09551910382
11.1113222645
16.8574714943
16.7072414483
17.549309862
21.4795959192
23.0
28.4117823565
30.0
30.8220644129
36.1333266653
39.4368873775
42.6810362072
47.0
46.2549509902
46.2870574115
49.1071214243
48.049709942
50.0917183437
51.373974795
49.5
49.4313862773
44.9390878176
44.5266053211
43.6362272454
42.5
40.7048409682
37.0112022404
36.7426485297
36.4929985997
32.25105021
32.0
29.0322064413
24.5357071414
23.0
20.5784156831
18.7265453091
15.6638327666
11.624624925
12.3949789958
10.7111422284
8.21354270854
7.0
2.75205041008
2.62982596519
0.825665133027
-0.623924784957
-1.73674734947
-3.5
-6.27945589118
-7.69053810762
-10.3375675135
-10.0
-11.6778355671
-13.6572314463
-15.6135227045
-20.0
-15.5216043209
-19.3581716343
-15.724044809
-17.5611122224
-17.4013802761
-19.2471494299
-16.8725745149
-20.0936187237
-20.0405081016
-22.6669333867
-20.0
-26.6900380076
-23.8978795759
-21.3306661332
-21.2088417684
-22.2637527506
-22.8318663733
-20.6791358272
-17.1736347269
-18.9274854971
-17.0440088018
-17.6944388878
-17.3109621924
-19.5
-16.3934786957
-19.7529505901
-18.5
-19.5417083417
-18.1514302861
-17.9319863973
-18.2198439688
-18.9473894779
-15.7724544909
-15.925585117
-17.0295059012
-20.0327065413
-22.5
-21.0224044809
-21.0026005201
-24.9864972995
-27.224944989
-28.4877975595
-30.2339467894
-32.9402880576
-33.1787357471
-34.5
-38.2185437087
-40.4646929386
-42.2108421684
-43.9139827966
-45.0157031406
-46.5
-46.9136827365
-47.7663532707
-48.3122624525
-49.4338867774
-50.3199639928
-51.7785557111
-50.6723344669
-49.2445489098
-51.5
-52.5
-52.5292058412
-49.6123224645
-50.350770154
-50.7092418484
-50.7830566113
-49.724644929
-47.3661732346
-46.8799759952
-44.2477495499
-41.6386277255
-38.6184236847
-39.3645729146
-36.2785557111
-37.5
-35.1181236247
-33.9524904981
-34.4046809362
-31.6341268254
-31.0876175235
-29.4973994799
-28.5
-26.4781956391
-25.9277855571
-22.4081816363
-23.3709741948
-22.3106621324
-21.6591318264
-16.1059211842
-14.950890178
-13.9094818964
-13.7929585917
-14.3626725345
-8.60112022405
-7.66043208642
-6.39597919584
-4.72784556911
-1.5
-1.23554710942
-0.5
0.75675135027
1.51450290058
6.49809961992
8.48559711942
9.22404480896
12.974994999
13.799059812
16.398979796
17.774054811
18.4162832567
20.6547309462
24.4287857572
26.7105421084
28.9566913383
32.7170434087
34.5
37.2805561112
40.0
43.374874975
42.4335867173
47.8986797359
50.0
51.1398279656
50.4181836367
50.1643328666
51.6419283857
51.3132626525
51.1944388878
49.4042808562
48.3950790158
48.4350870174
47.774754951
46.2670534107
43.2406481296
39.874174835
39.7560512102
39.5275055011
32.5429085817
31.1104220844
32.5
28.5
30.0
21.5950190038
22.3176635327
19.5873174635
20.3330666133
19.4426885377
13.8030606121
11.9280856171
9.36387277455
10.9357871574
7.63782756551
7.2174434887
1.09201840368
1.0976195239
0.705041008202
-0.458891778356
-3.36177235447
-4.20044008802
-5.16133226645
-7.07711542308
-9.22814562913
-10.9819963993
-12.0566113223
-13.5103020604
-16.7822564513
-17.5026005201
-17.25125025
-16.5
-19.7052410482
-19.5384076815
-20.7666533307
-20.5
-19.4025805161
-22.4153830766
-22.8461692338
-20.1077215443
-22.051210242
-22.1308261652
-23.3101620324
-25.0513102621
-21.0845169034
-22.0
-24.9385877175
-23.9332866573
-21.1411282256
-21.925585117
-20.3586717343
-23.0
-21.1719343869
-22.0
-21.3126625325
-21.1950390078
-23.0
-21.6052210442
-23.4227845569
-23.8387677536
-24.1661332266
-25.1206241248
-28.6234246849
-28.6150230046
-30.7643528706
-30.8198639728
-33.1696339268
-33.2125425085
-39.0
-39.3485697139
-41.4052810562
-41.0226045209
-42.5870174035
-44.1668333667
-45.8413682737
-46.9527905581
-45.7851570314
-47.6822364473
-47.5413082617
-47.1622324465
-51.7130426085
-59.3023604721
-42.6306261252
-53.4106821364
-53.5816163233
-52.7869573915
-51.900680136
-51.6622324465
-40.050810162
-41.9568913783
-42.123924785
-44.4445889178
-44.4599919984
-38.7315463093
-40.4838967794
-35.2453490698
-37.5
-39.7592518504
-36.0393078616
-33.5
-32.5832166433
-30.725345069
-29.9429885977
-28.0647129426
-28.6086217243
-25.0
-24.5
-24.5
-21.6032206441
-21.1945389078
-19.2965593119
-16.9394878976
-16.0670134027
-16.1417283457
-14.701140228
-11.8428685737
-12.2472494499
-13.0176035207
-9.18023604721
-7.96809361872
-6.09781956391
-3.75835167033
-4.18343668734
-1.20314062813
-1.67933586717
-0.234146829366
2.65353070614
1.49549909982
3.32786557312
1.02780556111
11.5
10.7196439288
11.7119423885
12.3978795759
12.8034606921
10.4720944189
19.8622724545
22.0867173435
17.0014002801
16.3950790158
21.0
26.5
27.6349269854
32.3727745549
29.2390478096
32.0
33.0
38.0482096419
38.8830766153
42.3379675935
40.0
41.5984196839
42.7210442088
44.399579916
42.0425085017
40.4651930386
38.7364472895
42.0097019404
41.7324464893
38.5020004001
40.7481496299
39.9942988598
39.5573114623
38.4865973195
37.2672534507
35.4788957792
32.374774955
30.5576115223
27.7826565313
26.8904780956
23.3710742148
23.0
19.5961192238
20.0519103821
15.5
11.7384476895
10.3730746149
9.70194038808
7.5
5.800060012
2.98659731946
2.91728345669
-0.5
-1.31916383277
-1.62292458492
-4.09811962392
-5.24014802961
-6.3174634927
-9.5
-8.65943188638
-12.2652530506
-12.6212242448
-14.374774955
-14.7578515703
-18.2966593319
-15.0901180236
-13.0476095219
-17.5670134027
-20.1018203641
-21.5
-19.9058811762
-17.6597319464
-21.5
-21.9976995399
-22.1574314863
-23.5
-23.7869573915
-22.6343268654
-27.5568113623
-23.2378475695
-24.5
-22.8017603521
-25.8562712543
-25.3821764353
-26.1608321664
-25.8545709142
-24.9674934987
-24.9426885377
-25.425585117
-22.3128625725
-26.4828965793
-21.9469893979
-25.5658131626
-26.4666933387
-29.4897979596
-25.9913982797
-29.9639927986
-29.9802960592
-31.0274054811
-30.9430886177
-33.2645529106
-33.174234847
-34.0291058212
-36.0
-32.6472294459
-35.1626325265
-32.4554910982
-37.7180436087
-28.9397879576
-31.6121224245
-30.8202640528
-38.3724744949
-38.4323864773
-35.6068213643
-34.4037807562
-37.3166633327
-32.25095019
-40.3368673735
-39.3185637127
-33.2228445689
-32.5
-33.0909181836
-35.3938787758
-36.9200840168
-36.9552910582
-35.2353470694
-37.5556111222
-55.0150030006
-33.8538707742
-6.38307661532
-17.0830166033
-29.7014402881
-34.3677735547
-31.2665533107
-21.4766953391
-9.62472494499
-13.4195839168
-22.3444688938
-28.6677335467
-22.6374274855
-9.40348069614
-8.07071414283
-10.5349069814
-16.5
-17.8091618324
-12.1703340668
-2.0
0.452390478096
-5.96879375875
-10.9600920184
-18.8653730746
-18.7592518504
-1.77315463093
11.5735147029
1.75215043009
-8.53360672134
-5.5
-1.39077815563
4.23424684937
10.0098019604
10.2720544109
1.01890378076
-0.780456091218
3.97199439888
16.9285857171
14.5651130226
10.6533306661
10.7941588318
8.78325665133
17.1289257852
4.08191638328
32.1038207642
16.9294858972
22.6826365273
20.1300260052
24.6204240848
23.5
27.0925185037
30.1435287057
31.348769754
29.1589317864
28.3333666733
34.1628325665
33.0
38.6384276855
36.2102420484
32.0577115423
35.2550510102
35.0
36.6141228246
36.7359471894
33.2436487297
36.7513502701
38.4818963793
35.3833766753
37.725545109
33.0
33.7101420284
32.5951190238
30.6947389478
29.4388877776
30.1793358672
26.0
25.3278655731
25.0
26.0
25.5775155031
23.1834366873
21.874574915
16.5
16.5599119824
11.5
11.5473094619
8.44578915783
7.34156831366
5.78575715143
4.62762552511
1.55361072214
0.451590318063
-1.77035407081
-3.56601320264
-5.5
-8.95599119824
-9.26485297059
-9.50330066013
-16.175735147
-43.5198039608
-31.6977395479
-2.98629725944
-4.74584916984
-19.2579515903
-33.8448689738
-28.9455891178
-23.7986597319
-16.0237047409
-14.8786757351
-23.6842368474
-33.701040208
-35.8415683137
-19.3732746549
-17.6210242048
-25.8563712743
-28.0
-33.5
-29.3795759152
-23.3297659532
-20.9180836167
-24.0
-27.1781356271
-31.1420284057
-28.2078415683
-21.6184236847
-27.5672134427
-30.0817163433
-33.9701940388
-23.6855371074
-28.3663732747
-32.2168433687
-34.8421684337
-45.4183836767
-20.4125825165
-27.0224044809
-25.5477095419
-30.1972394479
-32.2234446889
-29.7796559312
-21.624424885
-23.1579315863
-24.474994999
-32.0331066213
-35.0
-17.1310262052
-23.9698939788
-20.24894979
-22.6486297259
-29.0547109422
-21.1905381076
-19.876075215
-23.3273654731
-16.4323864773
-19.2872574515
-22.4310862172
-20.5551110222
-16.4521904381
-16.6096219244
-10.3564712943
-15.5647129426
-14.9149829966
-17.3104620924
-17.9983996799
-5.7774554911
-15.4309861972
-18.2177435487
-14.0876175235
-9.76845369074
-10.3884776955
-20.0900180036
-2.7100420084
-6.13542708542
-5.42458491698
-6.75065013003
-0.544908981794
-7.19703940788
-0.0531106221242
-6.5
1.01350270054
1.0
8.3148629726
3.4801960392
-4.38107621524
3.49019803961
6.74474894979
7.87767553511
11.7592518504
10.6367273455
2.20544108822
11.9721944389
13.8946789358
22.6391278256
18.5736147229
16.3685737147
13.1018203641
18.6135227045
21.7602520504
33.6961392278
21.1539307862
17.0
23.6455291058
30.2074414883
25.8387677535
29.4291858372
33.0
29.9886977395
22.8549709942
21.4727945589
35.5
39.8716743349
24.4201840368
28.5
32.2330466093
40.6191238248
26.9943988798
34.3736747349
34.7071414283
36.0390078016
31.5039007802
36.8130626125
38.9479895979
38.2124424885
32.9141828366
31.674934987
40.0482096419
36.0082016403
40.9912982597
31.5030006001
39.0134026805
29.0360072014
37.9336867373
33.6192238448
31.3437687537
25.0452090418
31.3822764553
29.8181636327
29.8524704941
24.2660532106
20.9569913983
19.3199639928
17.7973594719
16.2329465893
13.3798759752
10.3777755551
7.74014802961
9.93118623725
11.2906581316
5.45909181836
4.49109821964
1.25265053011
1.79545909182
8.0
2.27115423085
-4.00570114023
-4.47429485897
-4.14142828566
-5.63882776555
-2.30516103221
-8.02450490098
-6.24544908982
-8.26575315063
-12.9131826365
-6.42138427685
-3.63812762552
-13.1882376475
-38.7917583517
-11.9012802561
-13.2635527105
-12.1852370474
-24.1467293459
-32.6318263653
-14.675735147
5.84556911382
-8.58691738348
-34.2085417083
-29.6313262653
-22.5110022004
-4.65223044609
-12.5541108222
-12.099219844
-25.3712742549
-29.6330266053
-24.9161832366
-5.78485697139
-6.68603720744
-21.2172434487
-24.1864372875
-23.1916383277
-20.1567313463
-4.23824764953
-8.53160632126
-13.3107621524
-29.4975995199
-19.2536507301
-20.0300060012
-12.0343068614
-5.77365473094
-22.6928385677
-14.6832366473
-20.6162232446
-14.2448489698
-14.5
-10.7681536307
-16.6686337267
-19.4018803761
-14.0983196639
-14.0703140628
-3.80926185237
-12.7369473895
-12.5
-8.29265853171
-9.70814162833
-14.4231846369
-7.83866773355
-2.68323664733
-7.77795559112
-7.86887377475
-7.99889977996
-3.10072014403
-0.231146229245
3.67043408682
-2.24674934987
-0.422584516902
0.915783156631
4.36117223445
0.861872374474
1.54580916183
9.11542308462
1.08471694339
3.59961992399
1.91548309662
4.200040008
9.03850770154
4.47709541908
14.4845969194
14.3307661532
7.84616923385
10.9615923185
6.32306461292
10.6229245849
22.8382676535
16.6845369074
17.0387077415
14.7690538108
24.799959992
25.3227645529
22.0
28.0391078216
23.9227845569
20.0614122825
25.6694338868
30.3220644129
33.9616923385
34.4234846969
25.9083816763
34.9163832767
30.0675135027
40.00010002
44.8092618524
40.9609921984
31.4766953391
39.4224844969
45.1903380676
50.6392278456
43.7229445889
47.0309061812
36.423784757
40.2297459492
43.9527905581
50.3147629526
42.4012802561
42.8379675935
37.3842768554
42.3765753151
43.6844368874
44.8611722344
44.4093818764
36.5
34.6690338068
36.5
37.1933386677
34.6850370074
38.6899379876
38.2015403081
31.7081416283
29.5
14.5119023805
26.3406681336
24.1968393679
30.7399479896
19.0087017403
13.1792358472
7.57561512303
12.4450890178
16.5703140628
8.73214642928
10.5
6.04130826165
0.171834366872
-0.589317863567
11.2588517704
14.0430086017
-4.0
-4.67723544709
0.0513102620534
10.4451890378
2.06121224245
1.84846969394
-3.19733946789
-4.79455891179
-0.679335867173
1.83216643329
5.08081616323
-10.3527705541
-12.4087817564
-2.73444688937
8.27295459092
-6.11312262453
-5.6950390078
-8.5827165433
-4.48539707942
-3.52760552111
-10.00080016
-11.6862372475
-9.61342268454
-15.2141428286
-10.0316063213
-7.65723144629
-8.85897179436
-12.3943788758
-15.7808561712
-16.8551710342
-11.5778155631
-8.45069013803
-15.1271254251
-15.2018403681
-20.0
-12.8775755151
-19.9960992198
-14.4206841368
-10.2788557712
-17.7057411482
-10.3515703141
-12.800260052
-5.98929785957
-19.7375475095
-15.0779155831
-17.1933386677
-6.20364072814
-12.9805961192
-10.7424484897
-20.4482896579
-14.1955391078
1.0
-8.64012802561
-9.48019603921
-19.1566313263
-8.45929185837
-8.5
-5.60712142429
-12.6196239248
-10.8947789558
-8.74304860972
1.58281656331
-4.17573514703
-12.0
-3.85867173435
6.12632526505
-5.19563912782
-16.4116823365
3.98049609922
5.07361472294
-1.3423684737
-6.52110422084
1.99359871975
7.81796359272
6.70834166833
7.84876975395
4.5
7.63872774555
1.8675735147
12.1344268854
11.6572314463
16.8529705941
9.30426085217
18.8599719944
15.3224644929
13.0098019604
18.2818563713
13.4915983197
10.3357671534
19.8872774555
25.1807361472
14.3570714143
27.1106221244
30.2794558912
26.1414282857
17.5097019404
21.4665933187
27.7814562913
41.3045609122
35.4453890778
23.3830766153
32.875375075
35.9120824165
47.9200840168
37.7954590918
39.0
38.700240048
44.0125025005
46.0
42.5931186237
46.4590918184
51.399179836
45.7560512102
43.5233046609
52.1881376275
50.2324464893
52.551110222
45.8889777956
49.6666333267
50.9204840968
49.4692938588
45.5820164033
46.175035007
45.676235247
48.2026405281
41.3567713543
38.6884376875
46.3375675135
46.3348669734
45.6909381876
39.1959391878
33.8556711342
38.0683136627
39.3144628926
32.0606121224
28.9323864773
28.476195239
29.6028205641
26.5931186237
19.2086417283
22.575015003
19.5144028806
10.1788357672
16.0
19.9778955791
13.8539707942
1.52880576115
5.5
13.0335067013
12.2357471494
9.00100020004
4.03880776155
2.96519303861
0.712342468495
6.91798359672
2.43228645729
1.90358071614
-0.222044408882
6.15013002601
0.356971394278
-4.1049209842
1.47969593919
4.78325665133
0.0
-16.6214242849
-7.16133226645
-0.438287657531
-0.151830366076
-4.14842968594
-10.4724944989
-11.5
-7.49119823965
-3.25715143029
-5.42518503701
-5.56051210242
-20.7636527305
-8.81456291258
-13.9046809362
-8.10882176435
-11.6479295859
-14.0
-20.2222444489
-17.8788757752
-19.0369073815
-15.3403680736
-18.6142228446
-25.324464893
-28.1152230446
-25.4106821364
-15.3023604721
-21.2946589318
-27.0934186837
-34.1273254651
-22.4170834167
-25.5226045209
-20.4842968594
-42.8684736947
-57.2077415483
-36.1017203441
-9.59531906381
-11.9033806761
-36.4208841768
-37.298759752
-29.2814562913
-22.0
-10.148829766
-19.7166433287
-18.4441888378
-35.8651730346
-25.4563912783
-4.99729945989
0.87307461492
-12.6435287057
-20.0192038408
-18.4693938788
-6.50650130026
-2.03090618124
0.0
-7.95439087818
-18.5835167033
-9.12332466493
9.06071214243
-2.43918783757
-5.43578715743
0.284256851371
-3.34076815363
0.293658731746
-0.1900380076
9.20544108822
13.1687337468
1.9724944989
0.811262252451
1.04970994199
12.5114022805
4.64892978596
17.0301060212
9.66783356671
7.67203440688
5.08171634327
19.3439687938
29.0427085417
21.0071014203
21.3552710542
17.0
34.4110822164
28.3177635527
33.8533706741
30.3792758552
29.4053810762
34.6777355471
35.7278455691
40.0
39.849769954
40.8523704741
48.6133226645
47.4126825365
52.4550910182
56.2175435087
56.8337667534
53.3414682937
59.773754751
60.4293858772
52.3645729146
48.3613722745
56.100120024
65.8677735547
70.7907581516
62.5077015403
59.9107821564
57.8369673935
67.1476295259
69.0661132226
61.824764953
50.7971594319
55.0215043009
58.0353070614
56.9309861972
49.200240048
41.475595119
43.0135027005
48.4951990398
40.7445489098
37.5930186037
37.4736947389
27.2040408082
26.0
26.450590118
28.5571114223
22.1944388878
15.7862572515
13.6203240648
18.9120824165
19.5956191238
6.89667933587
9.55551110222
14.3812762553
10.3792758552
3.95119023805
8.07451490298
6.32476495299
9.26415283057
0.162332466492
6.22314462893
12.4589917984
11.7521504301
2.39147829566
3.78795759152
2.200140028
2.67173434687
0.5
1.88287657532
-1.61292258452
1.25035007001
10.7426485297
4.92768553711
-1.84086817364
3.01840368074
6.60592118424
-0.316563312663
-1.48219643929
1.35427085417
4.77585517103
-1.0100020004
-5.58591718344
-0.842068413683
-0.525805161034
1.5701140228
-2.23034606921
-3.13562712543
-16.2611522304
-14.6410282056
-6.29195839168
-15.5779155831
-20.6329265853
-15.3858771754
-15.5366073215
-23.8930786157
-25.8554710942
-26.100220044
-20.7332466493
-30.7673534707
-32.5405081016
-35.4613922785
-38.0116023205
-40.0078015603
-37.5076015203
-34.2672534507
-41.4135827165
-41.6827365473
-36.7422484497
-36.6019203841
-38.050010002
-38.9325865173
-36.6635327065
-36.7311462292
-32.7575515103
-25.2057411482
-35.6632326465
-29.8862772555
-27.5023004601
-24.1903380676
-25.2540508102
-18.8652730546
-23.7151430286
-27.5
-22.5524104821
-16.1706341268
-13.0394078816
-12.1167233447
-19.8113622725
-12.6518303661
-7.90808161632
-7.0
-8.54860972194
-3.18213642729
-8.26515303061
-1.2425485097
-0.5
-1.96819363873
-1.82826565313
-2.06661332266
2.59471894379
0.577515503101
5.92478495699
10.0208041608
13.5966193239
3.18803760752
7.38187637528
12.5776155231
13.8706741348
11.574814963
15.925785157
16.3288657732
16.5724144829
20.5594118824
25.1111222244
23.6551310262
26.5957191438
33.7799559912
25.7098419684
32.5
37.324564913
44.3283656731
36.8514702941
47.1672334467
43.4317863573
59.0924184837
56.6845369074
62.4889977996
62.7549509902
71.4713942789
68.5
69.0594118824
64.3899779956
72.9471894379
87.8283656731
86.025305061
79.5707141428
73.0
72.7868573715
76.3778755751
82.4380876175
80.2904580916
72.824864973
65.5
69.450190038
69.0105021004
59.7706541308
55.6430286057
56.3731746349
58.0792158432
48.8314662933
39.7822564513
38.0446089218
30.8784756951
33.1061212242
28.9092818564
22.1302260452
14.7200440088
19.9528905781
22.3531706341
15.4725945189
0.75425085017
2.10362072415
8.33436687337
11.7088417684
4.3449689938
-0.289357871574
-3.05441088218
-2.9023804761
0.843768753751
-2.23024604921
-3.52460492098
-2.08891778356
0.171634326865
-4.70194038808
-0.320664132827
-3.59911982396
-0.938887777555
-4.88177635527
0.415783156631
-3.74294858972
1.2024404881
0.5
1.21014202841
-6.78395679136
-1.78215643129
-0.830166033205
5.12772554511
1.97939587918
-0.69973994799
0.435487097418
1.33146629326
4.98439687938
6.50810162032
9.5050010002
2.5
-5.38777755551
3.85947189438
4.05371074215
1.45649129826
-1.74394878976
-7.88217643529
-7.53330666133
-11.8715743149
-5.08201640328
-6.02570514103
-11.2564512903
-22.4615923185
-28.6692338468
-27.6897379476
-27.0641128226
-22.8640728146
-33.9972994599
-34.6150230046
-48.7614522905
-41.6664332867
-46.674434887
-46.3642728546
-47.7152430486
-47.6049209842
-51.4868973795
-59.0
-60.0587117423
-61.3267653531
-50.8819763953
-47.8843768754
-54.8713742749
-51.7957591518
-52.9325865173
-51.1618323665
-47.3588717744
-46.974894979
-43.0953190638
-37.7651530306
-46.2826565313
-38.5
-31.799259852
-20.4095819164
-33.0771154231
-33.425785157
-27.874174835
-13.0
-19.9392878576
-20.0588117624
-16.950390078
-9.70444088818
-17.7835567113
-8.47909581916
2.86867373475
-3.57141428286
-6.1274254851
-10.0560112022
-3.43598719744
3.38577715544
14.5690138028
5.78575715142
-6.4474894979
-2.98529705941
11.0189037808
7.53640728145
13.2566513303
8.53150630126
5.5
12.8179635927
16.9117823565
20.9222844569
17.1190238048
24.5295059012
26.0122024405
26.4586917383
29.9096819364
38.6668333667
39.0914182837
44.3865773155
49.1211242248
52.7423484697
48.4538907782
60.5673134627
71.1105221044
75.399079816
75.4969993999
76.4626925385
82.7449489898
75.2139427886
75.3583716743
85.1620324065
107.789057812
111.221244249
105.560512102
84.6832366473
78.8834766953
97.475395079
109.0
106.703540708
85.825465093
86.2171434287
85.7566513303
84.8860772154
73.5970194039
72.9704940988
70.874774955
59.4807961592
55.5816163233
54.6889377876
50.4825965193
38.799359872
28.7351470294
24.375275055
20.0319063813
15.0860172034
21.050810162
14.8121624325
8.35337067413
-5.23554710942
-7.85837167433
-0.247549509899
7.27835567113
-0.821564312864
-5.6800360072
-12.5
-13.4138827766
-12.550710142
-15.4953990798
-7.24774954991
-6.51550310062
-9.21524304861
-7.0324064813
-16.6767353471
-15.574014803
-8.77235447089
-3.10482096419
-7.65983196639
-9.53390678136
-4.51430286057
-1.83356671334
-10.0227045409
-10.049309862
-1.92528505701
2.82896579316
1.67603520704
-3.5
1.04430886177
3.9275855171
-1.21614322865
-6.16023204641
2.66413282657
3.0
4.23334666933
3.33136627326
8.30126025205
3.51610322064
-0.5
-2.55631126225
-2.85227045409
-6.73724744949
-6.98989797959
-7.0
-6.71894378876
-23.8194638928
-32.4484896979
-26.0590118024
-20.6044208842
-22.5517103421
-41.773754751
-48.8428685737
-41.9450890178
-49.1813362673
-65.4878975795
-60.3978795759
-48.1472294459
-60.9766953391
-75.0273054611
-79.2517503501
-70.7910582116
-73.1956391278
-70.6464292859
-70.6866373275
-69.9708941788
-79.0779155831
-81.2542508502
-69.624924985
-64.4725945189
-65.1884376875
-68.7832566513
-60.9682936587
-52.4519903981
-51.8233646729
-54.9182836567
-42.49909982
-29.5442088418
-37.6267253451
-46.4777955591
-40.6794358872
-22.300860172
-20.9546909382
-31.7614522905
-23.7803560712
-23.1026205241
-12.0597119424
-13.1676335267
-15.274554911
-11.5
-4.10692138428
-4.94268853771
-8.38837767554
-8.7600520104
-6.36227245449
-12.2818563713
-17.1328265653
-5.30416083216
5.49719943989
4.3524704941
-4.15803160632
1.02090418084
9.80066013203
11.0
-2.35737147429
6.27655531107
17.4444888978
24.3567713543
11.1272254451
18.2337467494
31.6414282857
28.2313462693
29.8418683737
36.926085217
38.1453290658
50.2513502701
63.0964192839
67.1385277055
76.024104821
72.174334867
78.6481296259
95.0618123625
101.853370674
109.375175035
98.3189637928
88.7470494099
89.4477895579
126.405581116
153.451890378
137.831066213
102.159931986
97.5
112.056911382
119.533306661
123.837367473
115.819763953
125.364172835
105.595619124
82.8478695739
74.7421484297
74.5280056011
81.25015003
74.0296059212
65.575515103
48.1824364873
38.7440488098
30.9426885377
32.2270454091
24.2948589718
13.9645929186
2.91408281656
-0.44178835767
0.126625325065
-2.81576315263
-14.351170234
-20.3037607522
-21.3271654331
-17.0
-21.2387477496
-25.1808361672
-28.0619123825
-29.1537307461
-33.9349869974
-40.9925985197
-36.4725945189
-20.3958791758
-16.2883576715
-25.800360072
-35.6885377075
-29.4306861372
-23.2230446089
-24.7307461492
-23.3345669134
-16.5
-9.88077615523
-13.4768953791
-10.4423884777
-15.8308661732
-6.06931386277
-4.56561312262
3.0
6.30776155231
1.28865773155
-4.82316463293
-4.33456691338
0.661432286458
4.15373074615
7.78095619124
9.09581916383
4.86937387477
3.31146229246
2.88477695539
1.3924784957
-1.0
-0.203940788158
-3.21104220844
-14.5370074015
-27.3964792959
-19.6934386877
-3.91958391678
-5.91068213643
-28.5349069814
-51.3567713543
-50.9087817563
-41.6971394279
-38.0407081416
-51.49909982
-58.9599919984
-64.2578515703
-77.801060212
-88.1411282256
-76.8686737347
-67.5465093019
-84.0121024205
-92.3475695139
-99.9651930386
-94.5773154631
-93.0425085017
-91.3890778156
-86.0021004201
-86.3512702541
-97.8629725945
-104.058811762
-92.3529705941
-82.6389277856
-81.0733146629
-85.9629925985
-78.7430486097
-84.6651330266
-73.5646129226
-68.2128425685
-59.7713542709
-57.901080216
-56.7917583517
-66.2159431886
-60.9472894579
-45.6194238848
-30.2171434287
-40.5195039008
-52.1272254451
-40.4782956591
-23.3095619124
-19.0010002
-30.2868573715
-26.775355071
-22.0
-23.6916383277
-23.3160632126
-16.7356471294
-16.1657331466
-6.32166433287
-13.3062612523
-18.6454290858
-22.6377275455
-11.7848569714
-5.81116223245
-4.17193438688
-3.28615723145
-0.148829765953
-5.20424084817
0.125725145029
0.84776955391
2.63682736547
4.21964392879
10.8975795159
25.9085817163
17.6128225645
27.0598119624
35.1665333067
50.7717543509
47.5442088418
58.74954991
68.4440888178
88.451090218
87.5
99.2341468294
101.381776355
121.764452891
115.383676735
97.625125025
78.7457491498
118.207941588
168.830466093
186.169933987
136.732646529
92.0218043609
98.4178835767
129.577815563
152.670434087
134.598819764
127.604220844
121.225345069
107.346069214
77.1648329666
66.0133026605
67.9568913783
82.4032806561
76.2528505701
57.9237847569
31.0237047409
11.6212242448
6.51040208042
22.5414082817
7.34716943388
-16.6944388878
-29.3558711742
-10.651130226
-10.1638327666
-35.5697139428
-62.1903380676
-46.0607121424
-31.2865573115
-34.7083416683
-58.7025405081
-47.650830166
-35.3397679536
-35.6101220244
-59.0207041408
-66.4957991598
-50.5116023205
-21.026205241
-22.5131026205
-31.4094818964
-42.049309862
-36.9317863573
-30.0832166433
-27.9101820364
-13.7626525305
-7.53960792158
-4.60482096419
-8.27235447089
-12.1665333067
-17.1767353471
-8.4675935187
0.854270854172
15.4844968994
7.0075015003
0.0092018403675
-7.03380676135
2.91388277656
7.33076615323
6.4799959992
-0.5
8.1398279656
7.56311262252
5.67703540708
-5.39667933587
-8.1724344869
-5.68783756751
-1.55081016203
-16.5394078816
-19.175535107
-19.1876375275
-27.9040808162
-42.4187837568
-53.1478295659
-40.9665933187
-40.9286857371
-56.126125225
-77.0175035007
-76.3726745349
-78.3059611922
-85.2895579116
-92.5811162232
-90.6514302861
-90.6627325465
-103.203540708
-111.139627926
-106.24384877
-104.98869774
-110.446589318
-117.822364473
-116.615023005
-110.072914583
-112.808761752
-115.349069814
-106.881276255
-97.8895779156
-108.137727546
-114.164332867
-101.323864773
-83.1961392278
-88.6442288458
-89.3182636527
-79.1135227045
-70.5838167633
-76.2835567113
-78.8028605721
-64.2158431686
-52.9096819364
-57.2478495699
-60.5
-54.6303260652
-46.4404880976
-45.3108621724
-50.0515103021
-43.9817963593
-44.5287057411
-48.5105021004
-44.4467893579
-37.0
-39.7468493699
-42.9803960792
-37.3812762552
-30.9621924385
-38.0329065813
-39.3578715743
-36.0640128026
-26.1400280056
-34.6544308862
-38.8928785757
-28.7373474695
-23.1302260452
-20.3917783557
-23.6422284457
-21.9644928986
-14.3823764753
-10.3139627926
-6.80046009202
3.07781556311
2.14842968594
7.35967193439
13.4265853171
22.6569313863
31.1038207642
39.3434686937
47.0402080416
68.7441488298
71.974894979
80.2822564513
91.9073814763
120.966293259
120.416183237
131.49709942
139.565613123
136.139527906
109.080716143
99.3825765153
138.323564713
201.181236247
195.897979596
148.772754551
103.74474895
107.314262853
125.666333267
145.454190838
133.335367073
148.287257451
126.00720144
97.1024204841
65.6408281656
49.0
51.4076815363
63.9870974195
64.6668333667
41.0079015803
9.51370274055
-19.300160032
-14.1178235647
-8.37197439488
-14.4350870174
-39.5358071614
-46.0843168634
-35.4387877576
-37.1016203241
-66.0325065013
-74.2486497299
-68.0624124825
-47.2590518104
-64.2677535507
-68.9329865973
-68.1648329666
-37.0679135827
-45.1320264053
-61.7282456491
-83.7839567914
-53.7174434887
-32.7430486097
-23.9048809762
-34.9858971794
-32.1105221044
-31.8817763553
-28.5
-26.9676935387
-13.6306261252
-2.5
1.18653730746
1.49329865973
-6.33606721344
-10.050410082
-11.00030006
0.304760952191
17.0794158832
17.3691738348
8.2325465093
-0.547909581917
-3.06811362272
-0.637827565514
-3.75085017003
-0.38527705541
2.94178835768
7.04450890178
-7.27015403081
-16.849369874
-23.7046409282
-20.9545909182
-28.4730946189
-38.7484496899
-45.8691738348
-57.6637327466
-71.7921584317
-78.674634927
-77.2854570914
-74.0470094019
-86.3400680136
-105.409581916
-117.612222444
-112.384176835
-118.290458092
-120.705441088
-119.796459292
-118.360572114
-128.028105621
-142.616623325
-137.74694939
-127.228545709
-126.640828166
-136.236247249
-130.960392078
-129.01210242
-133.99779956
-130.26155231
-115.577015403
-105.296759352
-108.420784157
-119.636427285
-107.209041808
-91.1485297059
-85.5
-80.9771954391
-74.2541508302
-66.2098419684
-69.9559911982
-74.2978595719
-61.223944789
-50.3888777756
-48.5594118824
-54.0602120424
-52.6040208042
-49.1419283857
-45.775555111
-47.1713342669
-47.7475495099
-47.1545309062
-51.1391278256
-52.2796559312
-51.0875175035
-49.9070814163
-48.0
-46.8431686337
-50.1133226645
-49.7969593919
-53.5
-46.6236247249
-41.7425485097
-47.7348469694
-42.8185637127
-42.0
-31.8736747349
-33.9898979796
-29.1073214643
-13.9056811362
-14.8618723745
-18.5669133827
-7.50850170033
3.86807361473
18.25065013
14.3590718144
22.3951790358
31.2540508102
41.4062812563
50.3929785957
76.1431286257
74.1443288658
89.5311062212
93.5404080816
103.798359672
118.794358872
127.50970194
145.825065013
149.203840768
129.688537708
112.736547309
125.124824965
149.684036807
179.977195439
165.271454291
138.662432486
107.336867373
98.1080216043
103.826465293
111.957591518
111.524504901
109.76015203
89.4585917183
60.6348269654
28.4377875575
21.8670734147
27.6147229446
35.8439687938
22.4468893779
8.63452690538
-16.3050610122
-29.4887977596
-37.5
-31.100920184
-33.1710342068
-35.8343668734
-37.4799959992
-36.4525905181
-43.9337867574
-43.3928785757
-41.5207041408
-22.800660132
-22.1827365473
-26.2272454491
-31.2349469894
-23.0919183837
-20.50070014
-20.4677935587
-27.3828765753
-24.1836367273
-21.1717343469
-15.7221444289
-6.79655931186
-2.41278255651
-0.188037607522
-2.5
-6.67263452691
-4.17273454691
-0.764152830565
5.0
10.5
6.68293658732
2.49429885977
-7.69063812763
-9.22204440888
-8.19833966793
-0.143428685738
-1.11812362472
-2.32086417284
-13.0
-14.5972194439
-18.6713342669
-17.6729345869
-24.3125625125
-21.4149829966
-21.0263052611
-25.6023204641
-35.7554510902
-41.5016003201
-42.2297459492
-52.4694938988
-68.1405281056
-70.5690138028
-63.3382676535
-57.0645129026
-66.3696739348
-78.324764953
-87.5186037207
-91.3892778556
-97.2907581516
-88.5799159832
-81.0969193839
-76.0
-89.326065213
-102.079915983
-106.74454891
-110.296859372
-108.072514503
-97.1787357471
-85.3170634127
-88.9181836367
-104.119423885
-108.181636327
-99.6360272054
-94.0985197039
-89.5571114223
-85.7124424885
-79.5802160432
-81.4303860772
-88.6900380076
-92.7432486497
-83.6283256651
-79.5173034607
-81.8177635527
-83.225945189
-81.5179035807
-79.2105421084
-80.2028405681
-77.9572914583
-81.0314062813
-72.9803960792
-71.5699139828
-69.3356671334
-66.7349469894
-69.824464893
-64.5
-66.950290058
-74.6887377476
-76.0728145629
-69.1135227045
-62.5
-64.0950190038
-64.325365073
-62.3407681536
-65.8595719144
-70.0963192639
-64.6044208842
-55.3291658332
-50.5411082216
-47.4331866373
-45.5
-49.9639927986
-46.0
-40.4934986997
-33.2678535707
-26.0384076815
-21.5205041008
-14.5987197439
-10.1077215443
-5.5
-3.48089617923
8.26395279056
14.8163632727
30.2395479096
36.6268253651
41.275455091
47.1099219844
53.7369473895
67.5483096619
73.4396879376
75.2433486697
88.4797959592
99.1781356271
104.818563713
105.01130226
112.582916583
120.139127826
132.99769954
131.620124025
128.087017403
117.058011602
117.360872174
128.675535107
138.771554311
127.680736147
112.963092619
109.378875775
101.777755551
84.3347669534
76.774654931
82.0441088218
88.0649129826
72.8764752951
52.9854970994
42.2197439488
36.8208641728
30.7285457091
29.6593318664
26.7659531906
21.2033406681
10.9452890578
2.68353670734
6.18693738748
0.0
-4.16473294659
-5.29575915183
-0.5
0.326565313062
-10.2370474095
-13.50040008
-1.34096819364
4.27795559112
6.95179035807
3.0
5.58201640328
8.5
13.9912982597
12.9805961192
14.0020004001
14.7471494299
7.54690938187
7.73944788958
12.5
9.73174634927
13.9336867373
9.44808961792
2.76825365073
-2.36537307462
-3.075015003
-6.04320864173
-5.63562712542
-8.70564112823
-9.65873174635
-18.9661932386
-26.1363272655
-27.3144628926
-27.4316863373
-29.5335067013
-30.076015203
-34.1805361072
-35.5
-36.1624324865
-47.5858171634
-50.6189237848
-54.3017603521
-53.5
-50.7136427285
-48.9426885377
-45.6871374275
-47.0530106021
-59.5333066613
-63.7478495699
-59.0394078816
-52.4188837768
-52.8623724745
-52.8914782957
-49.7093418684
-58.5041008202
-70.3166633327
-77.0
-70.9643928786
-66.4145829166
-70.3315663133
-71.0777155431
-72.1193238648
-79.4900980196
-83.6838367674
-84.0638127626
-78.3830766153
-77.8822764553
-83.4022804561
-82.5938187638
-82.6208241648
-84.6176235247
-90.5
-85.7794558912
-76.4446889378
-80.7142428486
-87.9600920184
-83.8711742348
-78.2622524505
-79.5
-83.5182036407
-77.9971994399
-73.7594518904
-75.4789957992
-79.7608521704
-72.0735147029
-67.0371074215
-69.4327865573
-72.8287657531
-73.0301060212
-64.7839567914
-63.4621924385
-64.0833166633
-59.6365273055
-58.5
-62.7871574315
-66.1929385877
-64.1827365473
-56.2590518104
-51.2058411682
-50.6123224645
-46.5763152631
-46.9714942989
-42.0
-36.675735147
-32.8668733747
-31.1911382276
-26.198839768
-22.1196239248
-19.5
-14.2487497499
-11.2703540708
-6.36867373475
0.642328465694
-0.640128025601
6.5
9.54330866174
17.224144829
18.3657731546
27.4174834967
30.4020804161
35.9266853371
42.8712742549
50.2117423485
56.2446489298
58.650130026
59.3451690338
64.9120824165
71.4302860572
74.5269053811
77.5620124025
87.3897779556
85.7715543109
88.899079816
86.0932186437
90.4637927586
98.4610922184
99.2103420684
104.656031206
104.613222645
107.929485897
101.730346069
103.905181036
96.976095219
103.459491898
100.017003401
98.4971994399
89.2672534507
82.5584116823
85.2165433087
87.4699939988
82.5
76.1589317864
72.4358871774
69.4391878376
65.4110822164
61.3094618924
60.875875175
56.7290458092
51.9965993199
47.3394678936
51.3073614723
46.8060612122
40.1301260252
38.2067413483
37.2089417884
41.8467693539
35.3218643729
30.6686337267
32.5
32.5920184037
27.4210842168
24.601120224
21.9392878576
24.4296859372
22.9450890178
20.8848769754
21.2379475895
18.2543508702
12.0
12.5
18.4218843769
16.6382276455
9.56831366273
9.12442488498
9.70044008802
3.18993798759
1.03740748149
-2.17733546709
-0.0848169633928
-5.82386477296
-10.8457691538
-14.6163232647
-13.9858971794
-14.0
-22.4382876575
-22.1921384277
-21.1620324065
-24.900480096
-27.4536907381
-27.8773754751
-31.8455691138
-30.0695139028
-31.0927185437
-32.7770554111
-34.1160232046
-39.7693538708
-38.0155031006
-36.2150430086
-35.9687937588
-37.523704741
-39.0005001
-43.7312462492
-43.0456091218
-44.0229045809
-45.9234846969
-48.0
-48.5
-51.3388677736
-50.0921184237
-51.6463292659
-56.5
-56.3767753551
-56.8155631126
-54.400080016
-55.0
-61.2693538708
-60.6230246049
-59.0768153631
-63.0847169434
-66.1461292258
-63.9230846169
-59.8384676935
-63.0
-66.9691938388
-71.4076815363
-69.4614922985
-73.399979996
-70.0
-67.1463292658
-62.8615723145
-67.7303460692
-71.7385477095
-65.1081216243
-62.4920984197
-67.1308261652
-67.5
-62.5541108222
-59.6076215243
-60.1462292458
-63.5
-57.2696539308
-55.4077815563
-57.1767353471
-57.9154830966
-56.9919983997
-54.3463692739
-55.8540708142
-55.5
-51.5542108422
-50.6842368474
-52.5
-51.3388677736
-47.100420084
-41.3619723945
-42.2078415683
-39.9233846769
-35.5689137828
-33.0306061212
-32.3929785957
-30.3396679336
-27.4237847569
-26.4543908782
-22.8067613523
-17.0075015003
-16.4926985397
-14.5010002
-11.2621524305
-7.50790158032
-1.95299059812
2.37517503501
2.19163832767
6.9300860172
10.8913782757
11.0
14.075715143
19.9612922585
17.8297659532
19.5928185637
22.099219844
25.2294458892
26.1920384077
29.5673134627
29.5
35.3609721944
39.1168233647
37.6139227846
41.6553310662
43.650830166
46.6612322464
47.7778555711
47.8464692939
51.4983996799
50.6458291658
50.824064813
52.1381276255
55.574214843
57.5217043409
56.3639727946
60.8863772755
57.2377475495
56.6549309862
57.3058611722
63.6073214643
64.0604120824
67.701140228
67.0
65.775755151
69.8522704541
68.8315663133
68.0
71.0765153031
74.3226645329
72.2064412883
69.7401480296
65.0611122224
66.0782156431
68.0534106821
69.099119824
65.3628725745
64.7918583717
60.4619923985
61.2158431686
61.1212242448
60.9470894179
60.9547909582
59.6937387477
54.4403880776
52.8052610522
50.0144028806
51.7533506701
48.5025005001
47.026105221
46.4835967193
43.2138427686
38.5477095419
39.3092618524
35.6416283257
32.9450890178
30.5939187838
28.6406281256
27.4609921984
23.5
19.1401280256
20.5028005601
19.6088217644
18.6165233047
15.4378875775
11.1319263853
7.84906981396
6.64732946589
5.9224844969
5.5
4.17043408682
-0.160932186438
1.0
0.0403080616115
-3.79875975195
-2.70894178836
-6.56671334267
-9.72434486897
-8.65193038608
-13.4108821764
-15.3762752551
-17.6327265453
-18.0
-18.2294458892
-23.3043608722
-20.74914983
-27.4126825365
-28.599319864
-29.6545309062
-32.1832366473
-32.3377675535
-33.1678335667
-34.1797359472
-33.923784757
-34.4341868374
-38.2055411082
-39.2413482697
-38.5608121624
-38.3860772154
-39.6062212443
-38.200740148
-37.1362272454
-40.2915583117
-41.4622924585
-40.0
-39.5
-38.8953790758
-41.0
-39.8053610722
-39.5730146029
-44.6962392478
-42.9930986197
-37.9938987798
-39.50080016
-40.7453490698
-40.4829965993
-41.024704941
-41.5
-38.7700540108
-35.523904781
-34.3887777556
-37.4367873575
-36.2872574515
-36.1179235847
-32.7068413683
-33.0470094019
-30.800860172
-27.7735547109
-27.3828765753
-28.0
-29.3674734947
-29.0
-29.0
-26.5447089418
-22.6633326665
-20.5
-18.6787357471
-18.3135627125
-18.3470694139
-16.600920184
-13.9190838168
-12.2172434487
-11.6876375275
-9.69793958791
-10.1105221044
-9.0
-4.12212442489
-4.63172634527
-1.15673134627
-1.22114422885
0.0
4.26435287058
5.29705941188
3.96449289858
5.59131826365
8.349869974
6.58361672334
7.67023404681
9.62042408481
11.7206441288
12.6821364273
15.6138227646
16.5
18.6133226645
18.2887577516
20.0927185437
19.3157631526
20.5437087417
26.5
28.6342268454
33.4108821764
30.5
33.0220044009
35.5363072615
37.9570914183
36.0418083617
38.0132026405
38.2362472494
38.50110022
35.9702940588
39.9559911982
40.0
41.0165033007
39.4185837167
43.9515903181
45.3902780556
46.3404680936
47.6427285457
44.0792158432
46.3803760752
47.4053810762
50.0965193039
51.5550110022
52.2354470894
50.9372874575
50.9171834367
48.8520704141
47.4727945589
49.0
49.0082016403
49.1716343269
53.1603320664
50.0935187037
48.8473694739
50.101220244
49.7101420284
45.2178435687
44.451090218
43.5335067013
43.1295259052
45.5
48.5
46.2640528106
46.3858771754
45.2205441088
45.574314863
43.8525705141
43.7038407682
39.1205241048
41.3179635927
40.5115023005
36.5832166433
36.6937387477
34.0
35.3564712943
34.0679135827
29.5578115623
31.4397879576
30.8063612723
28.5525105021
25.3120624125
24.4551910382
23.2090418084
25.425785157
22.4334866973
15.1176235247
17.775555111
19.4348869774
19.1964392879
21.9719943989
18.7398479696
13.050410082
17.4901980396
16.5014002801
12.7552510502
13.9726945389
13.025905181
11.5168033607
11.7706541308
10.024504901
9.8350670134
6.56441288258
6.42788557712
8.9600920184
9.29375875175
5.14282856571
4.29415883177
4.16593318664
4.30916183237
3.5
5.08431686337
4.28785757151
1.52630526105
0.813662732544
1.5
1.67223444689
-0.179935987197
0.312362472496
-3.19533906781
-1.4923984797
-2.21074214843
-0.718443688736
-0.773854770954
-4.14922984597
-3.0
-2.37387477495
-3.12152430486
-4.36767353471
-3.22764552911
-3.6400280056
-2.57551510302
-2.70454090818
-3.30316063213
-3.0
-1.40928185637
-3.1949389878
-2.75095019004
-1.18333666733
-1.19873974795
0.678535707141
-0.63522704541
-1.44128825765
0.380176035207
0.224244848971
0.656631326267
0.59671934387
3.0
3.91868373675
4.03680736147
5.06591318264
4.11642328466
5.72474494899
7.95719143829
8.30266053211
7.05481096219
8.98029605921
8.53600720144
11.9956991398
13.9948989798
12.200040008
16.4905981196
18.2102420484
18.5855171034
17.2290458092
19.375975195
16.7213442689
25.2399479896
24.7136427285
25.5804160832
23.2643528706
25.0688137628
26.2929585917
27.1112222444
30.3094618924
29.9366873375
31.7313462693
32.0710142028
29.474594919
33.1064212843
33.6697339468
35.5
33.4791958392
33.2823564713
35.5878175635
38.3890778156
36.0773154631
34.7190438088
36.0
39.1172234447
39.4842968594
39.625525105
39.6212242448
41.8673734747
41.2729545909
41.1403280656
43.2116423285
42.5
40.0
41.1557311462
39.6808361672
40.5
43.2481496299
43.6711342268
42.225045009
42.2153430686
42.6346269254
41.4326865373
42.2384476895
42.5827165433
43.0519103821
41.9038807762
42.5884176835
41.1289257852
40.4269853971
40.5
39.5576115223
41.5
40.4788957792
37.2672534507
40.9597919584
40.2213442689
36.5114022805
37.0037007401
33.0100020004
35.5117023405
35.4902980596
37.0542108422
36.9651930386
35.4149829966
32.150630126
34.6052210442
37.0984196839
31.3599719944
31.8379675935
33.7943588718
32.9035807161
32.2082416483
31.1118223645
30.0
31.3091618324
25.4523904781
20.7139427886
22.325165033
23.9209841968
26.1657331466
26.6531306261
22.6594318864
21.7832566513
24.5
22.3063612723
23.2119423885
25.2312462493
19.5
24.2649529906
22.3713742749
20.50090018
20.7418483697
19.2341468294
18.8206641328
19.2187437488
18.7110422084
20.8516703341
17.6956391278
21.5
15.3197639528
15.1725345069
16.0824164833
12.8571714343
16.275855171
16.1417283457
15.6340268054
14.0
12.5593118624
15.3054610922
17.0516103221
16.3089617924
16.9560912182
16.3701740348
16.6448289658
15.2411482296
14.9714942989
15.274654931
14.5
14.9660932186
15.5131026205
15.7777555511
16.9729945989
14.0031006201
15.5069013803
14.2315463093
14.4899979996
16.0277055411
15.5177035407
14.2284456891
17.923784757
16.8377675535
16.5331066213
17.426085217
19.9591918384
15.7946589318
16.3059611922
16.9070814163
17.0
16.8100620124
18.3721744349
21.0467093419
22.2851570314
22.8726745349
24.0793158632
24.1653330666
25.4778955791
24.0226045209
25.8105621124
23.5
20.5
24.1437287457
28.5595119024
28.5919183837
25.3534706941
27.2566513303
27.374474895
28.6206241248
29.899679936
32.225845169
32.7818563713
30.1313262653
31.2431486297
32.3049609922
30.8436687337
30.6796359272
36.0158031606
35.8430686137
34.3130626125
33.4464892979
37.1794358872
36.0
34.6871374275
38.1180236047
42.6103220644
43.0
41.2974594919
38.9563912783
39.2897579516
42.9640928186
42.7179435887
44.5846169234
47.3230646129
44.6025205041
46.700040008
49.0
47.1694338868
48.9948989798
48.7537507502
44.5078015603
45.7693538708
43.5309061812
43.5283056611
44.4639927986
41.2718543709
42.8714742949
43.9408881776
44.0
44.574514903
46.5
43.474794959
43.7071414283
43.4866973395
42.726045209
39.8621724345
40.2431486297
40.8180636127
41.8561712342
41.6515303061
40.5
41.00040008
42.650730146
39.6353270654
39.7850570114
39.6977395479
37.4108821764
39.2131426285
37.8895779156
35.1786357271
34.9724944989
34.1159231846
34.5
33.2219443889
35.900580116
36.6621324265
33.7175435087
32.7901580316
34.0532106421
32.1944388878
34.0
32.8209641928
33.8356671334
29.0818163633
31.3118623725
32.2035407081
31.1405281056
30.1328265653
27.5623124625
27.2651530306
27.5
27.551010202
25.6085217043
25.5
23.9210842168
24.6780356071
24.8729745949
20.3883776755
21.0481096219
19.9595919184
22.0981196239
20.050010002
18.9826965393
20.9807961592
18.7471494299
19.9854970994
14.9864972995
18.4681936387
17.0289057812
20.9267853571
22.8164632927
20.526005201
20.0
18.0674134827
17.2875575115
18.4171834367
18.2047409482
16.1964392879
15.5
16.0
15.6893378676
18.0
15.4081816363
14.7166433287
15.3042608522
14.0
14.0013002601
15.149529906
13.0
12.1906381276
15.6983396679
15.3969793959
15.0706141228
16.8356671334
16.0
15.7368473695
15.6059211842
14.2477495499
15.3600720144
16.5985197039
14.1123224645
17.3584716943
19.0
16.7461492298
19.5815163033
23.1569313863
19.2676535307
19.1646329266
20.2445489098
19.6893378676
22.8523704741
20.3600720144
22.5661132226
22.3122624525
21.5584116823
23.7182436487
26.1014202841
27.8125625125
24.5430086017
26.2891578316
25.9293858772
24.5629125825
28.0276055211
27.226245249
27.0398079616
28.4678935787
26.451190238
25.775055011
28.4954990998
25.5013002601
26.0096019204
29.5141028206
30.9672934587
28.9704940988
33.4441888378
33.0
32.4210842168
33.5603120624
32.5
35.924284857
37.5
37.0911182236
34.5
35.9836967393
32.8426685337
34.0548109622
38.1111222244
35.5440088018
34.0
33.8054610922
38.3582716543
37.1681336267
38.824164833
35.3417683537
36.3087617524
37.3978795759
33.6033206641
34.5713142629
34.3330666133
35.4053810762
40.5
37.6371274255
35.8792758552
35.0211042208
36.2317463493
35.3879775955
32.7836567313
37.8956791358
37.0514102821
37.2101420284
35.1572314463
33.1443288658
35.5104020804
33.0812162432
34.1726345269
32.0
33.0
30.8683736747
32.2478495699
30.6162232446
29.5872174435
30.7983596719
30.8896779356
29.7864572915
25.8665733147
30.0
26.5942188438
25.8361672334
25.8672734547
25.0392078416
27.0
24.023804761
25.2580516103
24.9957991598
27.5
23.0105021004
24.2279455891
21.5560112022
21.9397879576
19.6134226845
21.6365273055
21.9201840368
21.0
19.9313862773
17.5763152631
16.626025205
15.5207041408
16.149129826
18.9106821364
18.2703540708
17.0662132426
18.0
15.5431086217
15.8640728146
16.4599919984
15.4194838968
16.6656331266
13.7353470694
12.6841368274
12.1918383677
10.699539908
11.2927585517
9.2149429886
12.7207441488
15.0393078616
12.476095219
10.9914982997
9.37327465493
12.5
14.3655731146
11.2765553111
10.2157431486
10.8959791958
9.79965993198
12.5
13.3424684937
10.5
10.3304660932
10.3381676335
10.5
8.79285857172
4.90318063612
8.23794758952
4.37667533507
4.5
2.58811762352
4.65033006601
6.0925185037
4.0424084817
5.71144228846
7.32646529306
5.62342468494
5.5
6.22684536907
7.03860772154
7.0
6.48839767954
9.51550310062
6.50390078016
6.49989998
6.9923984797
6.0
8.97699539908
8.0
9.4423884777
8.72694538908
9.55381076215
9.93848769754
11.9653930786
11.7884576915
11.9576915383
11.7961592318
10.050010002
9.01930386077
9.76915383077
11.0653130626
12.0654130826
15.3192638528
14.9268853771
12.1921384277
14.1616323265
14.6653330666
13.2655531106
16.5271054211
14.4037807562
14.299859972
14.6039207842
13.0
12.1116223245
13.8654730946
14.0
16.1268253651
16.0
16.2382476495
20.0958191638
18.0
15.5697139428
17.8962792559
18.0
16.1920384077
18.1843368674
18.1766353271
19.3310662132
20.4030806161
21.1732346469
22.4895979196
19.7762552511
18.0
20.1886377275
18.0
16.8036607321
17.400380076
19.0
16.4578915783
16.0
15.4655931186
16.8416683337
18.9465893179
16.2728545709
15.9809961992
16.0303060612
17.4321864373
13.5149029806
17.5072014403
20.0
18.5041008202
18.0159031806
17.9763952791
17.5
19.5195039008
18.6332266453
15.6088217644
13.7189437888
12.6396279256
15.2674534907
13.2556511302
14.3893778756
13.949689938
14.8916783357
15.4419883977
13.5593118624
9.13142628526
8.23694738948
6.70634126825
10.6545309062
7.91888377676
7.1650330066
8.1776355271
11.5
9.5
10.299259852
7.62532506501
9.71614322864
9.77615523105
9.0
5.73924784957
5.25305061012
9.12732546509
10.0
10.0
8.16663332666
2.57091418283
5.0
4.84956991398
3.80856171234
2.5
1.0
2.0
-1.08031606321
-1.5
-3.78215643129
-2.6375275055
0.870174034806
0.244248849773
0.942788557712
-0.606721344269
-2.5
-2.40868173635
-2.54180836167
-1.0
-1.22714542908
1.15923184637
-0.0264052810562
0.0
-1.98129625925
-1.23514702941
-0.0110022004401
0.771454290859
1.51650330066
3.25275055011
0.00440088017604
-0.98349669934
-0.512102420484
-0.797859571912
-2.90098019604
-5.27365473095
-6.0
-1.65593118624
-2.5
-4.71094218844
0.242548509705
-4.90648129626
-4.55061012202
-5.5
-7.44168833767
-3.31216243249
-3.5
-3.54040808162
-6.3525705141
-4.5
-5.16283256651
-5.33526705341
-3.82176435287
-6.31406281256
-6.38727745549
-4.40268053611
-4.18643728746
-8.0
-4.94888977796
-4.26785357071
-4.6199239848
-6.0
-6.25525105021
-4.11852370474
-1.90598119624
-2.0
-4.42788557712
-4.0
-5.0
-2.80916183237
-2.52470494099
-8.0
-4.66453290658
-6.0
-2.02150430086
-8.0
-5.72614522904
-4.56461292259
-3.5
-1.17073414683
-1.98469693939
-0.549209841969
-1.0
-0.458491698339
1.21234246849
0.101420284059
0.559911982396
1.89557911582
0.544508901781
2.38957791558
0.529105821164
-0.489297859572
0.770554110823
-0.493998799759
1.2525505101
3.98589717944
0.241448289658
0.0
1.5325065013
1.91958391678
2.22604520904
4.02780556111
6.0
3.07101420284
2.1574314863
4.78395679136
2.62352470494
3.20364072814
3.0
5.0
5.24984996999
2.93368673735
4.71934386878
5.07401480296
1.98359671934
1.83656731346
3.84226845369
4.6423284657
2.34326865373
3.80576115223
1.59611922385
2.79035807162
3.43468693739
2.6125225045
1.73274654931
1.51910382077
0.0
-1.0
0.736447289459
2.63562712542
3.88947789558
2.71334266853
0.205641128226
0.651030206041
2.0
2.0
-1.82516503301
-1.83356671334
-1.0
0.0
-0.5
-1.0
0.24274854971
-0.379075815163
-0.443388677735
1.0
0.902180436087
0.0
-4.04120824165
-5.86207241448
-6.10052010402
-6.38137627525
-3.10322064413
-5.0
-5.98189637928
-7.0
-7.94798959792
-7.56551310263
-6.99459891978
-6.25115023005
-7.0
-6.0
-5.98729745949
-3.03310662132
-4.91838367674
-6.90298059612
-9.0
-8.0
-9.0
-7.15863172634
-8.73894778956
-9.60792158432
-7.20484096819
-5.16963392679
-7.35347069414
-6.62552510502
-9.16693338668
-9.32046409282
-10.6284256851
-10.3281656331
-12.8359671934
-7.67933586717
-6.0
-9.4049809962
-8.41548309662
-8.2974594919
-9.21024204841
-7.92308461692
-7.22564512902
-11.200040008
-10.6384276855
-7.74874974995
-8.98709741949
-9.47169433887
-9.54370874175
-10.3897779556
-10.7127425485
-7.8075615123
-12.6973394679
-14.1896379276
-13.3180636127
-12.0
-12.0
-9.0
-10.0
-9.0
-8.36427285457
-9.38407681536
-12.6203240648
-11.7184436887
-11.9073814763
-14.9513902781
-15.1790358072
-14.0818163633
-13.2776555311
-9.93358671734
-10.7793558712
-11.051010202
-11.4566913383
-11.5890178036
-12.7081416283
-14.4898979796
-13.0
-12.9951990398
-8.50290058012
-9.50530106021
-8.48169633927
-8.0
-5.76685337067
-5.08281656331
-8.54910982196
-6.94318863773
-5.87097419484
-10.9277855571
-9.0
-9.0
-10.0
-8.94848969794
-9.19463892779
-10.1184236847
-5.87837567513
-9.33086617324
-7.71694338868
-8.29845969194
-5.65693138628
-7.41768353671
-6.67233446689
-6.4598919784
-6.0
-5.19543908782
-8.70314062813
-6.0
-5.28145629126
-6.38687737548
-5.20184036807
-6.39587917584
-7.87467493499
-6.74294858972
-5.47049409882
-6.18113622724
-5.8900780156
-5.28785757151
-9.30666133227
-5.25815163033
-4.37807561512
-7.84066813363
-7.91318263653
-6.0
-5.84176835367
-5.0
-5.85717143429
-4.8175635127
-6.7451490298
-4.61972394479
-6.0
-4.79135827165
-1.19323864773
-3.20554110822
-0.959391878375
-2.86027205441
-4.06581316263
-4.88377675535
-5.15123024605
-7.0
-5.4824964993
-5.94538907781
-5.02940588118
-6.0
-6.0
-5.0
-5.0
-5.03780756151
-7.97339467894
-8.39707941589
-8.0
-12.0
-11.0574114823
-10.0872174435
-9.60922184437
-9.79025805161
-8.08821764353
-7.0
-6.89637927586
-8.0
-7.44048809762
-9.81336267253
-11.8655731146
-10.2842568514
-10.700340068
-7.6849369874
-7.49569913982
-7.67293458692
-6.81936387278
-8.62332466494
-9.0
-8.94438887778
-9.42288457691
-8.0
-8.38657731546
-11.7345469094
-10.5155031006
-9.375075015
-10.3864772955
-11.3826765353
-7.54610922184
-9.56151230246
-8.56731346269
-8.30576115223
-11.7403480696
-11.1884376875
-11.9577915583
-10.9134826965
-10.5
-10.7364472895
-11.350070014
-8.71334266853
-11.1827365473
-11.8731746349
-13.2382476495
-12.0
-11.3962792559
-8.54800960192
-13.1766353271
-12.9193838768
-13.1458291658
-12.8695739148
-11.2787557512
-11.950190038
-13.2710542108
-14.0
-12.7633526705
-13.0095019004
-13.2330466093
-14.0072014403
-15.0082016403
-14.9881976395
-12.9609921984
-16.0
-13.0
-12.0
-9.44968993799
-12.0580116023
-13.2171434287
-14.9265853171
-15.5811162232
-13.8667733547
-11.7982596519
-14.1042208442
-12.0
-11.1196239248
-7.74534906982
-10.0
-11.0
-9.72564512902
-11.6709341868
-11.1658331666
-10.3264652931
-11.0
-12.3110622124
-10.3932786557
-9.64782956591
-9.21204240848
-12.6401280256
-9.61372274455
-8.0
-7.0
-8.75055011002
-8.25825165033
-8.76595319064
-5.72634526905
-6.54660932187
-8.64452890578
-9.10162032407
-7.95669133827
-11.4060812162
-8.31986397279
-8.0
-9.66473294659
-6.07851570314
-6.17533506701
-7.0
-5.73214642928
-5.43688737747
-7.23704740948
-5.33376675335
-5.20624124825
-6.54770954191
-7.0
-7.8399679936
-6.78615723145
-7.96769353871
-7.16463292658
-7.09841968394
-4.91698339668
-6.51690338068
-8.52610522104
-8.96319263853
-5.0
-6.49699939988
-6.49529905981
-5.51860372074
-6.0
-2.51390278056
-5.30326065213
-6.43518703741
-8.10182036407
-9.35347069414
-7.43368673735
-6.61102220444
-5.29085817163
-4.54470894179
-7.0
-6.9475895179
-8.80626125225
-8.0
-6.62792558512
-5.56781356271
-9.71334266854
-8.95309061812
-7.34126825365
-5.58321664333
-8.16293258652
-5.36367273454
-7.31046209242
-10.7041408282
-8.0
-7.2126425285
-7.41948389678
-9.0
-11.3393678736
-8.87827565513
-9.75115023005
-7.61172234447
-9.88327665533
-7.63712742548
-10.3909781956
-8.64482896579
-8.00660132027
-12.1525305061
-9.18723744749
-8.48069613923
-9.42958591719
-10.6641328266
-10.0307061412
-9.64872974595
-8.0
-11.0
-13.0
-9.11792358472
-11.8346669334
-12.6025205041
-14.5474094819
-12.825765153
-11.9602920584
-11.0
-8.06401280256
-10.5563112623
-10.9027805561
-12.0818163633
-11.0
-12.0
-10.9821964393
-9.51010202041
-12.0024004801
-11.0106021204
-12.9869973995
-10.4792958592
-12.9715943189
-10.7680536107
-13.9342868574
-11.4484896979
-12.0
-11.0
-13.8880776155
-15.1646329266
-13.9549909982
-11.5977195439
-11.8945789158
-12.3868773755
-13.5604120824
-11.5141028206
-11.5913182637
-12.7803560712
-15.4548909782
-16.0
-16.8329665933
-13.1626325265
-13.8175635127
-15.6901380276
-12.7967593519
-13.1472294459
-16.6801360272
-16.0
-16.5427085417
-14.0
-12.8660732146
-12.2482496499
-12.7405481096
-15.5343068614
-12.8625725145
-16.1087217443
-14.2902580516
-14.2020404081
-13.6113222645
-12.4066813363
-13.0184036807
-14.5
-14.6682336467
-14.1104220844
-10.175935187
-11.0
-10.6327265453
-11.25005001
-13.8826765353
-14.8903780756
-13.0
-16.9057811562
-14.0
-15.0788157632
-15.2144428886
-13.9365873175
-13.0
-12.0
-15.0403080616
-16.0326065213
-15.7624524905
-13.9913982797
-15.5095019004
-18.0
-16.7588517704
-15.9863972795
-15.5213042609
-16.4564912983
-14.7683536707
-14.5222044409
-14.0
-15.0
-13.5675135027
-11.0
-13.7914582917
-12.0906181236
-10.4016803361
-11.1060212042
-12.6137227445
-9.93928785757
-8.74174834967
-11.4315863173
-14.4667933587
-11.1522304461
-9.68013602721
-12.0
-12.675335067
-13.3169633927
-13.8453690738
-13.599219844
-12.0877175435
-14.0
-11.5569113823
-14.4584916983
-12.7891578316
-14.2446489298
-14.0
-11.5201040208
-11.7677535507
-8.86227245449
-11.674734947
-9.70914182837
-12.1978395679
-11.7343468694
-14.8139627926
-13.0
-13.0
-13.0
-15.6119223845
-11.4712942589
-15.0699139828
-11.1036207241
-11.875575115
-12.6167233447
-12.0
-13.2026405281
-12.0468093619
-14.2070414083
-13.9608921784
-14.3557711542
-13.0
-14.8326665333
-17.0
-17.5
-16.0320064013
-18.7378475695
-13.049809962
-14.7099419884
-13.99939988
-14.2402480496
-13.0142028406
-17.5219043809
-14.0444088818
-17.0
-17.9324864973
-18.2236447289
-15.1208241648
-17.4202840568
-20.7725545109
-17.4164832967
-16.5456091218
-16.299459892
-14.0
-17.2286457291
-18.7559511902
-16.1108221644
-17.5687137427
-18.2579515903
-20.3886777356
-16.9907981596
-16.4158831766
-15.675935187
-17.8163632727
-15.8456691338
-18.2038407682
-18.1466293259
-16.6433286657
-18.0
-20.6552310462
-21.0
-19.0
-17.8705741148
-17.5213042609
-19.5367073415
-19.0859171834
-15.7837567513
-16.3542708542
-16.799159832
-16.0
-16.0
-14.0
-17.6599319864
-15.6623324665
-18.0
-16.0
-17.8607721544
-16.2630526105
-17.876175235
-17.7677535507
-15.325265053
-19.0
-19.0465093019
-18.7073414683
-16.8835767153
-16.7849569914
-18.0
-18.0
-17.0468093619
-18.7695539108
-16.9685937187
-17.2618523705
-17.0080016003
-20.0
-19.49969994
-19.4928985797
-20.0
-20.5225045009
-16.0906181236
-18.0
-17.0
-18.0
-17.8779755951
-17.0
-20.0
-17.2079415883
-18.9081816363
-17.599519904
-18.0
-18.0
-18.8773754751
-18.424184837
-16.276055211
-17.2914582917
-17.8465693139
-17.0
-13.5844168834
-16.0148029606
-15.6315263053
-14.6161232246
-15.99909982
-15.2926585317
-15.7849569914
-17.4454890978
-19.3086617323
-17.3927785557
-17.4916983397
-17.7535507101
-18.4774954991
-20.2310462092
-20.8299659932
-21.2156431286
-20.0
-18.599519904
-17.0
-17.0924184837
-16.6457291458
-17.0
-18.6617323465
-16.5770154031
-17.6463292659
-18.1386277255
-17.7381476295
-18.0
-17.0
-16.3382676535
-16.200240048
-17.9075815163
-17.7076415283
-16.1155231046
-16.2153430686
-17.8767753551
-17.3847769554
-17.9537907582
-15.4614922985
-18.0308061612
-18.0
-18.9691938388
-16.0
-17.0
