0.0
-0.5
-0.5
0.0
0.0
-1.69223844769
-1.04620924185
0.830866173235
1.34596919384
1.07671534307
-0.768953790758
0.254150830166
1.76895379076
4.699939988
2.55391078216
3.69223844769
3.12322464493
1.73814762953
3.20794158832
2.96949389878
4.53790758152
1.33826765353
1.83886777355
4.33856771354
5.35307061412
5.0
1.40048009602
3.70794158832
3.10782156431
2.5850170034
1.76895379076
1.63062612523
1.37677535507
1.5
1.13092618524
0.0391078215643
2.08411682336
-0.215043008602
-1.85367073415
-2.60072014403
-1.84596919384
-1.31576315263
-0.691338267654
0.331166233247
-1.66943388678
1.07671534307
-0.208541708342
1.3450690138
0.609021804361
2.63212642529
0.922384476895
1.33916783357
0.199039807962
-1.86227245449
-1.16823364673
0.961792358472
-0.215643128626
1.87797559512
1.0
1.0
0.0379075815163
2.0
1.73874774955
-0.5
0.253550710142
1.99909981996
-0.245849169834
-2.0
-1.23814762953
0.968593718744
-0.460892178436
0.382976595319
-0.5
-0.937787557512
0.0
1.88357671534
1.58531706341
1.0
0.901080216043
0.945789157832
0.0758151630326
0.123824764953
0.552710542108
1.5
0.0
0.231946389278
0.837667533507
0.414982996599
-0.161132226445
0.907281456291
2.19313862773
2.59831966393
2.20854170834
4.28375675135
3.55211042208
3.8474694939
4.0
2.49409881976
1.36787357471
1.2624524905
2.31046209242
1.80536107221
1.10722144429
1.29325865173
-1.0
0.654330866173
1.0
0.324064812963
-0.247649529906
-0.660532106421
-2.42358471694
-1.0
-0.431286257251
-0.129725945189
1.5
1.19283856771
1.44668933787
1.09891978396
-0.363172634527
0.416483296659
0.537907581516
1.14782956591
0.758351670334
-1.78915783157
1.0675135027
0.119423884777
0.574014802961
2.45619123825
2.97159431886
3.01950390078
2.50120024005
2.76335267053
-1.475095019
1.5
2.5
-0.309561912382
0.5
1.2775555111
-0.437187437488
1.57371474295
0.617323464693
1.29295859172
2.35957191438
0.5
1.0
-1.19163832767
0.375575115023
-1.31606321264
1.29025805161
-0.471294258852
0.155231046209
-0.668533706741
1.0
2.35667133427
2.84886977395
0.112522504501
0.503600720144
0.227145429086
0.933686737347
3.81136227245
1.38387677536
0.390078015603
1.75235047009
2.63302660532
1.36847369474
2.27075415083
2.77845569114
0.927685537107
2.29385877175
-0.5
1.19073814763
2.68303660732
0.824664932987
2.58091618324
0.829965993199
0.5
1.85547109422
0.773654730946
1.87087417483
-0.317863572714
-1.11372274455
1.39397879576
2.09831966393
0.409381876375
2.58291658332
2.88717743549
1.48629725945
0.589717943589
3.44788957792
2.86677335467
1.8050610122
2.95649129826
1.0426085217
2.53400680136
0.988197639528
2.99819963993
3.27375475095
0.991398279656
-0.0498099619923
0.0163032606521
1.54030806161
1.95199039808
0.0
-1.87317463493
-1.35777155431
-2.15763152631
-0.879775955191
0.0471094218844
-0.601920384077
-0.445189037808
-0.5
-0.249949989998
0.918183636728
-0.859571914383
-0.675935187037
-2.26625325065
-0.836467293459
-4.0
-1.67893578716
-1.81336267253
-1.0
-1.60102020404
-1.14512902581
-1.10872174435
0.274854970994
-2.30146029206
-0.759451890378
-2.0
-1.37797559512
-3.36817363473
-1.0
-1.72094418884
-2.89337867574
-2.14722944589
-2.0
-1.30986197239
-3.0
-2.0
-0.832966593319
-1.15933186637
-0.151630326065
-0.856071214243
0.0681136227246
-0.628525705141
-0.379175835167
-1.41968393679
-1.5
-0.701140228046
-3.4549909982
-3.79115823165
-1.07461492298
-2.43308661732
-1.02960592118
-0.44848969794
0.5
0.463892778556
0.971594318864
-1.26035207041
-2.98699739948
0.0
0.0
-0.979795959192
-1.02670534107
0.68623724745
1.04980996199
2.08181636327
-0.975695139028
0.165533106621
-0.839967993599
-0.143428685737
-1.88087617524
0.0
1.85777155431
-2.0
0.110222044409
-2.61792358472
-0.937187437488
-1.0
-3.0
-1.35127025405
-0.156431286257
-0.667933586717
-2.0
-2.32046409282
-4.71914382877
-2.6949389878
-3.39867973595
-2.28965793159
-2.21804360872
-0.72574514903
-0.533106621324
-2.0
1.87787557512
-2.0
-1.0
-0.385977195439
1.36017203441
1.0
0.0
-0.598619723945
0.689537907582
-0.818163632727
0.325865173035
-1.83356671334
0.329365873175
0.424484896979
-0.643328665733
1.86437287457
-1.37207441488
0.439887977596
0.19373874775
0.552410482096
0.0
0.955291058212
0.0
-2.61102220444
-2.65053010602
-4.0
-3.44908981796
-3.04320864173
-3.96449289858
-2.0
0.780156031206
-2.0
-3.0
-1.0
-0.510702140428
0.981596319264
-0.736947389478
-1.0
0.45849169834
2.95079015803
1.0
1.0
1.28615723145
0.0800160032006
-0.587717543509
0.547709541908
-2.39687937588
-4.05541108222
0.237047409482
-0.126225245049
-0.183036607321
-0.570814162833
0.175335067013
-1.68593718744
-1.49709941988
-1.3275655131
0.659931986397
-1.31216243249
1.04330866173
-2.0
-3.14452890578
-0.437287457491
-1.0
-1.38297659532
-0.887377475495
-3.62472494499
0.757151430286
0.735147029406
-1.11372274455
-0.140128025605
-1.10602120424
-1.29565913183
-0.0983196639328
0.688937787558
0.409381876375
-0.673534706941
0.165833166633
0.170934186837
-0.300860172035
-2.35727145429
0.797459491898
-0.872674534907
0.820564112822
-0.388077615523
0.104220844169
0.403480696139
0.0
-0.790558111622
-5.11012202441
-3.08571714343
-0.941988397679
-0.775155031006
-1.02130426085
-2.2325465093
-1.0
-0.5
-2.0
-1.74794958992
-0.503600720144
-0.511302260452
-0.48099619924
-1.23664732947
-2.48279655931
-1.45789157832
-1.07471494299
0.0575115023004
0.467393478696
-0.0729145829165
-0.879075815163
0.117523504701
0.54800960192
-0.198139627926
-0.0557111422284
-1.0
0.0
0.5
-0.357771554311
-1.0
-0.0788157631526
-0.334666933387
-0.0865173034607
0.0
-0.811562312462
-1.65193038608
-3.0
-2.14422884577
-1.82886577315
-0.363472694539
0.117323464693
-1.62882576515
-3.74994999
-1.5
-1.26545309062
-1.0
-0.359571914383
-1.60572114423
-3.0
-2.69603920784
-1.31166233247
-1.0
-2.33646729346
-0.0826165233048
-0.171234246849
-0.574914982997
0.0
-0.865573114623
-0.313362672535
-0.559511902381
-0.194338867773
-1.39637927585
-0.797959591918
-0.661632326467
-20.4512902581
5.30096019204
16.5221044209
-2.60282056411
-18.950290058
-2.7899579916
10.2058411682
15.4201840368
2.32986597319
-10.0840168034
-43.8042608522
-25.0945189038
28.8571714343
27.1862372474
-17.5810162032
-79.3348669734
-19.1229245849
43.2186437287
26.8831766353
-15.0786157231
-39.7867573515
-14.6776355271
22.7274454891
20.9178835767
-9.74814962993
-21.224044809
-6.66903380676
8.48059611923
6.81076215243
-4.00010002
-16.198939788
-11.2911582316
5.83626725345
9.08681736347
-1.09331866373
-10.4328865773
-10.3320664133
-0.0111022204437
2.42428485697
-7.51070214043
-10.3188637728
-3.85287057411
-3.75705141028
-7.24934986997
-7.0
-2.43118623725
-1.72624524905
-6.65563112623
-9.0
-12.4062812563
-8.41368273655
-5.68773754751
-13.0
-10.9914982997
-4.75305061012
-6.64232846569
-9.07461492298
-8.85847169434
-6.59851970394
-1.5
-7.29605921184
-8.97319463893
0.94848969794
-3.78595719144
-4.78095619124
-2.2899579916
-1.57221444289
-6.41128225645
-11.9715943189
-2.10712142428
9.47929585917
-0.57021404281
-18.8959791958
-2.61272254451
2.48409681936
-1.75725145029
-6.49279855971
-9.75625125025
-4.55051010202
-0.444188837768
-4.96439287858
-5.08661732346
-6.39797959592
-8.55871174235
-5.09961992398
-8.76825365073
-10.3272654531
-0.384276855371
-5.5625125025
-6.31476295259
-0.281556311262
-1.27805561112
-4.8200640128
0.728545709142
0.358571714343
-5.82556511302
3.28525705141
2.16613322664
-2.91288257652
-5.02290458092
-0.189637927585
-1.04600920184
2.6025205041
-0.574514902981
-6.27955591118
-0.684436887377
-1.52830566113
-2.01290258052
-0.75125025005
-0.879475895179
-4.73334666933
-0.274354870974
0.782056411282
-1.1051210242
-3.9050810162
-5.61032206441
-0.469293858772
1.82056411282
-2.84346869374
-7.49209841968
-9.85917183437
-0.648629725945
-1.82046409282
-4.80016003201
-1.37447489498
-1.79455891178
-3.1949389878
-5.34636927385
-1.10792158432
-28.7189437888
-59.575815163
-17.2467493499
20.6391278256
27.275155031
5.27235447089
-37.7856571314
-25.1044208842
13.1651330266
20.9645929186
8.4299859972
-10.2672534507
-23.9891978396
1.63862772555
14.9375875175
3.75655131026
-15.8189637928
-11.5439087818
-6.68063612723
8.14412882577
8.80156031206
-4.55171034207
-10.0824164833
-3.15553110622
4.80436087217
2.92208441688
-4.21694338868
-8.24184836967
-5.93568713743
-4.09081816363
-9.42388477696
-0.651730346069
2.60142028406
-1.83076615323
-15.3880776155
-4.88887777555
6.45369073815
8.59381876375
-3.66333266653
-13.1433286657
-6.82626525305
3.5425085017
2.3275655131
1.5
-4.4925985197
-7.86067213443
-8.03450690138
-6.82486497299
-3.21734346869
-0.395179035807
-1.60582116423
-8.88847769554
-9.94038807762
-3.46349269854
0.0
-5.98059611922
-10.0328065613
-3.0
-3.85967193439
-1.33156631326
-3.1875375075
-2.32416483297
0.609521904381
-1.40728145629
-10.3911782356
-4.11112222444
0.631926385277
-4.1775355071
-5.24674934987
0.666833366673
1.53440688138
-4.56031206241
-1.9024804961
-0.962792558512
1.01710342068
6.9623924785
-2.50680136027
-10.9879975995
2.20204040808
2.55351070214
-1.79365873175
1.0
-6.82196439288
-0.839367873574
3.83986797359
-7.22954590918
-2.13702740548
-7.41698339668
0.0232046409283
8.60632126425
1.42448489698
-7.15853170634
-10.3784756951
-2.96919383877
4.91078215643
-1.99379875975
-3.15233046609
-8.1799359872
-11.5048009602
5.79825965193
3.57411482296
-14.2595519104
-13.8419683937
-1.51560312062
4.35817163433
3.44328865773
-4.16523304661
-16.1185237047
3.28675735147
5.50980196039
-1.59961992398
-8.42858571714
-16.775555111
-6.04930986197
21.2909581916
0.882576515303
-17.2095419084
-8.75625125025
-3.87617523505
-1.51160232046
-0.0929185837167
-5.58591718344
-8.37827565513
8.18013602721
-1.62222444489
-10.6297259452
-1.58311662332
-7.21784356871
-4.13352670534
15.2967593519
1.22764552911
-12.0
-1.57041408282
-9.06271254251
2.6375275055
-2.5575115023
-16.4405881176
-2.34046809362
1.09681936387
-1.87377475495
-10.4383876775
6.75385077015
-8.42078415683
-7.18593718743
11.4339867974
-4.46779355871
-8.61222244449
0.63722744549
-7.73594718944
11.6592318464
-0.454290858173
-28.7722544509
-19.3779755951
9.09131826365
18.3068613723
3.85377075415
-18.2985597119
-27.4331866373
6.20874174835
13.5938187638
-1.19293858772
-17.1236247249
-14.1866373275
2.82666533307
1.46819363873
-12.7906581316
-7.86147229446
-9.60172034407
-5.43078615723
-0.358171634326
1.00010002
-5.0
-0.33176635327
-11.0
-10.9938987798
-6.08601720344
16.426185237
-2.55961192238
-4.35807161432
-14.5831166233
-0.645929185836
-1.77215443089
-11.3986797359
5.06581316263
8.6650330066
-9.5
-5.98179635927
-13.0278055611
-14.650030006
23.5657131426
10.9559911982
-29.5
-21.8292658532
-1.0975195039
16.4645929186
9.70174034807
-2.59881976395
-0.233046609324
-21.0621124225
3.18013602721
8.80626125225
-11.5975195039
-1.24954990998
-9.57081416283
-2.09891978396
15.8482696539
-24.2487497499
2.93158631727
5.40648129626
-14.3643728746
-2.10612122424
12.7470494099
-22.4528905781
12.0846169234
3.06391278255
-33.8806761352
-4.07121424285
8.95789157832
-0.612122424485
17.4041808362
-2.92678535707
-33.7171434287
-23.3794758952
35.2392478496
2.24314862972
6.47919583917
-4.35057011403
-29.3550710142
-2.21314262852
12.1780356071
-8.47349469894
0.347769553912
-2.00260052011
-24.6888377676
12.3545709142
-8.6573314663
-28.401280256
2.59401880376
22.7378475695
8.01460292058
-28.8410682136
-29.2286457291
7.67433486697
15.9266853371
-7.44118823765
33.2022404481
-1.88827765554
-47.450790158
-20.2822564513
18.6813362673
20.2779555911
15.7483496699
-45.2429485897
-20.8138627726
19.2849569914
13.449689938
-0.25025005001
-13.8617723545
-33.299859972
1.23484696939
48.899979996
-3.69213842768
-32.5656131226
-9.56151230246
-7.20404080816
26.2377475495
10.423884777
-19.6535307061
-15.6265253051
-6.20924184837
-13.6064212843
-5.75195039008
-1.91418283657
12.2984596919
-9.54750950191
-4.18543708742
-13.1911382276
-4.46309261852
16.675935187
28.9319863973
-18.9381876375
-49.1716343269
-17.5869173835
52.1112222444
24.0534106821
-10.1851370274
-27.8843768754
-27.3049609922
15.6588317664
41.3034606921
-2.449989998
-0.616523304659
-24.5206041208
-44.3734746949
17.8601720344
23.7945589118
14.1558311662
-38.9931986397
-36.0769153831
22.4693938788
35.6813362672
-8.4147829566
-29.2913582717
-14.2672534507
-10.1611322264
1.90438087618
6.71344268854
-5.05851170234
-20.074714943
-18.9637927585
2.1949389878
18.6714342869
2.63312662532
-47.0299059812
7.04650930187
27.275355071
4.52670534106
-28.5728145629
-8.52590518103
17.7604520904
-5.83786757352
-2.48329665933
-7.16053210642
-5.40638127625
14.7544508902
29.6557311462
-15.2802560512
-30.0540108022
0.633226645334
-8.31926385277
-16.6820364073
-3.64932986597
28.9096819364
17.8207641528
-8.72054410883
-42.9124824965
-32.4936987398
-0.252050410072
74.2419483897
-3.07161432288
-24.2794558912
-27.9607921584
-33.6807361472
40.7985597119
33.9939987997
-19.2298459692
-42.299159832
-1.98229645929
4.88967793559
51.6225245049
5.90478095618
-67.6404280856
-16.0852170434
30.0393078616
-6.06571314263
5.30916183237
-6.1023204641
-84.725945189
-7.08841768353
-1.3324664933
-27.8553710742
16.1521304261
18.1216243249
-13.1654330866
-12.5216043209
11.9835967193
19.9880976195
0.655031006198
-58.1378275655
-24.126125225
15.7578515703
-12.8104620924
14.2212442489
9.56991398279
-60.9538907781
4.52720544109
-29.5598119624
26.3856771354
49.1316263253
9.13952790558
-61.7406481296
-18.9807961592
17.6947389478
-16.3838767754
-4.50010002
-8.46869373876
-55.6293258652
27.0967193439
57.9564912983
-6.6470294059
-76.4989998
-33.9856971394
48.8023604721
49.1945389078
10.50120024
-68.4101820364
-68.625625125
-12.9385877175
84.2383476695
46.0596119224
-56.300860172
-117.264952991
3.90588117625
112.149229846
-0.498799759976
-67.5368073615
-108.117023405
90.7580516103
81.0887177435
-59.1656331266
-108.441888378
8.9697939588
83.3387677536
32.4670934187
-84.4715943189
-67.6140228046
59.3153630726
60.8640728146
-61.0581116223
-49.0588117623
24.4234846969
5.67463492698
-5.37487497499
-27.4449889978
-32.0835167033
62.5144028806
28.7073414683
-65.8414682937
-56.8696739348
45.1611322265
35.0943188638
-3.50170034008
-25.3606721344
-43.7207441488
14.3364672935
38.5787157431
-7.60452090418
24.5175035007
-80.6184236847
-34.0523104621
60.3076615323
-6.37957591518
36.7805561112
15.2277455491
-89.3584716943
-75.6477295459
44.8894778956
56.2613522705
44.0
-25.2577515503
-117.577215443
-23.9211842368
74.9361872375
58.2320464093
-22.4547909582
-47.1397279456
-0.572814562908
11.2640528106
-16.25035007
-24.6536307261
62.5825165033
96.3093618724
-78.2343468694
-115.217143429
2.37807561513
52.9303860772
53.2129425885
64.100820164
-87.5820164033
-112.125125025
7.40678135629
66.7626525305
32.7886577315
57.274454891
-48.0946189238
-89.824964993
-12.2882576515
27.6102220444
47.349969994
46.3560712142
-58.8416683337
-61.4393878776
15.6834366873
42.3946789358
0.506601320261
-38.5730146029
-3.45169033807
-34.3818763753
30.9122824565
98.074214843
-43.350270054
-150.291558312
16.6376275255
100.636027205
59.9350870174
-10.9629925985
-142.412182436
-27.3883776755
111.513202641
15.3681736347
-89.3300660132
71.6190238048
73.6054210842
-106.571414283
-67.7912582516
46.8474694939
-79.3800760152
92.6332266454
123.385777155
-122.188537708
-71.3060612122
58.6288257652
-63.7842568514
36.4856971394
62.3543708742
-69.9652930586
29.9213842769
-14.3846769354
-39.1440288058
38.848769754
-28.2609521904
-27.126325265
86.2327465493
-29.4173834767
-81.2893578716
46.6268253651
-35.774154831
-11.9148829766
148.155231046
-36.4692938588
-129.654130826
20.924984997
22.6224244849
6.32926585318
59.3079615923
-16.0347069414
-76.7050410082
9.64902980597
42.4307861572
-52.6667333467
38.9092818564
47.8342668534
-25.7323464693
-26.9364872975
-31.1790358072
-3.51870374075
-11.9345869174
49.073514703
95.2696539308
-98.7762552511
-94.9322864573
-7.16553310661
49.3868773755
116.843868774
31.5865173034
-159.50130026
-58.5552110422
87.4191838368
0.628125625117
-9.35317063412
49.8707741548
41.8779755951
-106.74694939
-46.9180836167
83.1768353671
3.45329065812
-46.7131426285
71.1190238048
-48.3779755951
-24.8305661132
34.5028005601
3.83236647329
-48.4529905981
-26.3673734747
35.4889977996
65.3895779156
0.755351070206
-100.01170234
-64.5177035407
88.2143428686
31.8233646729
-16.2810562112
-40.0590118024
-53.6715343069
36.099419884
72.0515103021
-62.100120024
-103.898179636
59.2952590518
88.7470494099
-21.8407681536
-69.1282256451
-52.875975195
52.5601120224
53.5448089618
-57.5805161032
-28.1705341068
103.584116823
-24.1309261853
-140.382076415
71.4865973195
74.3300660132
-37.3944788958
-29.4429885977
3.22954590918
-16.3689737948
5.35087017403
-13.1926385277
58.4940988198
-12.5132026405
-72.025605121
24.0095019004
9.01370274054
-66.0465093019
100.836667333
29.8163632726
-106.900080016
-42.7416483297
48.3397679536
-19.4272854571
22.6669333867
26.4124824965
-58.7583516703
40.9202840568
-17.5627125425
-47.7644528906
11.3292658532
16.3464692939
-16.7342468494
28.5019003801
-12.9658931786
-19.9069813963
29.1848369674
23.0305061012
-60.2215443089
-8.05901180236
-27.3153630726
27.5134026805
75.3929785957
-22.2796559312
-53.2642528506
-21.9132826565
47.1370274055
-2.04010802161
-46.1552310462
6.79785957192
10.3514702941
20.4701940388
-10.1391278256
-7.80616123224
-0.336767353473
-9.4398879776
-30.5407081416
1.13212642529
7.36397279455
-34.3360672134
63.2704540908
22.7727545509
-32.0821164233
-32.4632926585
-20.8699739948
15.0111022204
25.0399079816
34.4920984197
-20.1422284457
-44.7841568314
-14.5130026005
24.6533306661
27.4402880576
42.0022004401
-76.0207041408
-107.085117023
102.072914583
79.6022204441
-99.7815563113
-5.69873974794
55.2190438088
-13.8864772955
-42.875075015
-20.8867773555
2.02480496099
52.4628925785
55.8234646929
-35.6313262653
-105.632926585
-5.02530506101
64.0
-13.6549309862
3.16653330667
35.4399879976
-28.4156831366
-59.1538307662
-15.2734546909
76.7513502701
36.2702540508
-56.2606521304
-83.651130226
56.599919984
50.7061412282
-25.0836167233
-24.5066013203
-71.9587917584
17.373774755
61.8273654731
-40.4424884977
-31.2216443289
40.1897379476
13.8043608722
-3.12312462493
-23.3555711142
-76.6918383677
10.1708341668
101.25105021
21.8048609722
-91.5267053411
-10.9389877976
74.2136427285
25.0449089818
-56.5948189638
-69.5861172234
15.4862972595
47.5775155031
52.8602720544
-46.7632526505
-59.2444488898
-26.3605721144
38.7263452691
38.6020204041
-20.8817763553
-24.0411082216
39.9031806361
-6.03080616124
-79.1844368874
-13.450090018
131.173734747
31.698939788
-77.150530106
-101.209241848
-20.424484897
94.6806361272
74.6545309062
29.2907581516
-84.0688137628
-56.7170434087
-9.68053610722
20.1443288658
72.1791358272
16.3225645129
-28.3197639528
-83.3691738348
-11.4830966193
70.4604920984
-28.4771954391
33.7408481696
42.5587117423
-78.6380276055
-74.9884976995
25.5695139028
33.2402480496
93.651030206
-28.2523504701
-146.24284857
13.2060412082
139.028905781
-17.4158831766
-59.5735147029
-24.9403880776
-65.0406081216
43.9086817363
71.7157431486
-55.225945189
25.9564912983
55.5543108622
-119.517703541
-91.1167233447
138.557311462
24.3117623525
-13.0306061212
60.9294858972
-116.701540308
-83.2977595519
121.045609122
116.782556511
-57.0005001
-58.1324264853
-43.3846769354
28.7270454091
15.725345069
82.4174834967
-21.3465693139
-84.5630126025
-32.1347269454
68.4558911782
-6.15483096619
20.3978795759
-17.4643928786
-62.5016003201
-8.71774354871
37.1177235447
9.98049609922
11.9609921984
-23.1414282857
-25.3158631726
10.9463892779
-16.7397479496
-27.9307861572
40.2851570314
58.2281456291
38.1791358272
-113.604120824
-61.7637527505
45.1624324865
92.9170834167
10.6513302661
36.774254851
-127.702840568
-75.5913182637
132.082916583
67.75035007
-61.7877575515
-38.7275455091
34.4940988198
-43.050810162
32.575715143
98.7047409482
-101.226745349
-48.7294458892
134.559111822
-19.0432086417
-95.3901780356
40.5843168634
9.42128425685
-0.451290258051
12.4516903381
-28.1885377075
28.1556311262
51.3411682336
-55.0349069814
-26.9411882376
-0.244048809755
17.9100820164
27.1563312663
49.4862972594
-82.6224244849
-18.0139027805
48.4850970194
-22.5033006601
-7.73424684936
81.6958391679
15.4909981996
-84.8725745149
-57.7457491498
43.8158631727
95.0281056211
85.3736747349
-178.0
-67.9950990198
114.813462693
17.7542508501
-31.800360072
-8.72354470895
21.1577315463
-14.1038207642
-32.5891178236
0.813762752553
31.5922184437
30.7863572715
24.2592518504
-49.0667133427
-17.425885177
8.29975995198
-6.54460892178
26.9918983797
49.7067413483
-11.3380676135
-10.7774554911
-15.648829766
-0.00170034006669
66.4392878576
61.7485497099
-109.25725145
-79.7882576515
121.802660532
48.4963992798
0.68283656732
18.275955191
-124.919283857
-37.3460692138
88.3603720744
56.9526905381
8.19793958792
-21.1854370874
-61.5672134427
-28.2780556111
96.6558311662
-44.2838567714
-38.525705141
101.126725345
13.8889777955
-19.2783556711
38.1488297659
-139.042908582
30.7940588118
152.391678336
-40.9256851371
-100.837667533
16.7218443689
89.0587117423
68.0470094019
-19.6285257052
-154.949689938
-11.124924985
112.089117824
77.8897779556
84.3963792758
-136.951990398
-147.342668534
82.3810762153
172.097219444
-28.1325265053
-157.073614723
-189.286757351
-27.4661932386
89.0887177436
84.350470094
-50.4094818964
-34.4014802961
62.0730146029
-21.899279856
-33.1825365073
4.20664132826
29.7571514303
69.3637727546
33.6785357071
-4.79135827166
-54.9271854371
-2.37167433486
30.1038207641
-3.56851370274
-2.14472894579
25.1465293059
70.774554911
-31.6398279656
28.5850170034
6.11212242447
-33.2095419084
5.13672734548
60.7141428286
-7.93658731748
-56.0347069414
-34.1281256251
107.00580116
37.7333466693
-102.382676535
-38.7720544108
75.8646729346
62.2344468894
-23.6571314263
-88.8398679736
52.0527105421
83.00030006
-37.8804760952
-40.6842368474
-1.02870574114
-0.0919183836841
2.43788757752
9.94198839768
9.53390678135
37.4300860172
17.1397279456
-41.6874374875
-73.1368273655
39.4464892979
62.6783356671
-0.192938587728
-42.2340468094
-9.82416483295
24.375675135
61.4970994199
-48.5107021404
-59.1962392478
29.825065013
48.2923584717
71.3772754551
22.5060012002
-121.4959992
-37.7425485097
89.0679135827
50.1978395679
-34.0
-0.718843768749
-24.0732146429
21.9708941788
58.9089817964
-18.849569914
-46.049809962
12.400180036
121.843268654
0.537507501474
-107.596519304
34.4609921985
67.6555311062
-8.6573314663
14.5732146429
-12.674734947
-57.6121224245
4.83876775356
111.946989398
41.0596119224
-77.24954991
4.28115623125
-0.210642128431
-1.56171234246
14.0391078216
23.7234446889
55.399079816
-2.96689337868
-83.0866173235
-22.0945189038
86.348669734
21.4760952191
52.8207641528
-70.3914782957
-83.3533706741
55.2022404481
44.6371274255
28.8523704741
51.7119423885
-17.5392078416
-114.75625125
-11.8847769554
77.048609722
168.837567513
-81.100120024
-193.74334867
92.6544308862
170.790258052
4.36827365471
-149.154130826
-50.6962392478
83.3419683937
47.5637127426
22.5698139628
-22.6125225045
-20.6589317863
14.5
-50.3106621324
-42.9422884577
85.6220244049
95.3275655131
-78.5074014803
3.21334266856
40.6200240048
12.4424884977
-26.4982996599
-35.9815963192
73.4653930786
98.550110022
-112.674534907
-108.313662733
122.132926585
127.553110622
-27.8652730546
-118.211342268
-70.3710742148
119.138927786
135.369473895
-50.8089617924
-121.142528506
22.0576115223
53.149429886
63.2426485297
-17.6122224445
-60.2673534707
13.8112622525
11.0415083017
24.099519904
2.18853770755
-12.0829165833
17.0649129826
7.65003000599
-23.3082616523
13.8566713343
-26.798759752
81.2508501701
107.9929986
-154.896979396
-101.173034607
109.357071414
80.798659732
18.2693538708
-14.6166233247
-78.800160032
-79.5458091618
150.045809162
124.079215843
-158.637427486
-58.8576715343
87.5930186037
5.18623724745
57.5722144429
81.8655731146
-133.49079816
-108.958291658
139.380676135
7.50630126026
-36.3698739748
-0.574214842975
31.900880176
3.90798159632
67.7661532307
-74.3316663333
-80.9943988798
-22.0954190838
106.75505101
28.0122024405
4.19753950789
-23.9921984397
-43.3908781756
37.1008201641
106.312862573
-27.1922384477
-108.709941988
-56.1071214243
133.268853771
84.1620324065
-10.7072414483
-13.8147629526
-101.795359072
-12.277555511
99.624524905
-2.35897179438
5.38907781556
8.00110022006
40.0816163233
0.430386077202
-74.6065213043
-30.3968793758
65.7932586517
67.7538507701
2.31566313262
-59.1894378876
-75.7872574515
22.9919983997
127.967593519
24.2684536907
-122.263152631
-67.9289857971
128.648929786
13.0439087817
-33.4774954991
48.2832566513
17.2910582116
-82.5607121424
-41.7120424085
74.4364872975
65.8647729546
59.7099419884
-101.943488698
-51.6168233646
65.2904580916
-13.5472094419
-0.797759551899
70.1163232647
-8.87697539509
-59.5282056411
29.2140428086
-6.8921784357
-8.54480896178
89.1870374075
-29.5913182637
-114.862972595
-41.1148229646
77.4540908182
99.5686137227
-6.86577315468
-116.959591918
92.6087217444
-54.5330066013
-110.601620324
105.421184237
102.061112222
-127.422484497
7.11652330468
87.1782356471
-29.7028405681
-29.1688337667
64.2317463492
-72.2850570114
-50.4366873374
156.731746349
25.653430686
-131.444888978
51.1420284057
52.7457491498
-51.4469893979
-55.1626325265
27.8158631726
69.874874975
95.6782356471
-68.7392478496
-117.373374675
4.33746749353
120.313162633
40.8956791358
-19.399879976
-51.2088417684
-55.1893378676
19.5436087218
83.1380276055
42.7025405081
-29.725145029
-92.4533906781
-22.0916183236
71.5650130026
89.4435887177
-33.6826365273
-37.9646929386
-41.9345869174
3.89187837568
77.1607321464
-7.98529705942
-54.8389677936
-28.4589917983
73.7339467894
18.0816163232
-42.1087217444
-30.3043608722
37.625325065
33.5635127025
-4.89657931587
-18.5321064213
-23.124324865
40.5018003601
76.5
-16.423484697
-111.216043209
19.7148429686
136.091318264
21.1699339868
-51.9911982396
-91.9704940988
-81.2407481496
141.431186237
207.4884977
-78.7906581317
-215.50970194
10.9708941789
60.9827965593
92.549909982
70.7442488498
-137.453090618
-74.5421084217
82.8137627526
41.8335667133
-21.4021804361
36.6182236447
-71.0607121424
17.5711142228
-27.1226245249
-41.7861572314
105.659131826
36.100320064
-87.6697339468
18.5567113423
9.88577715541
7.42578515703
37.6187237448
-33.5366073215
-28.5972194439
48.3469693939
-27.0270054011
12.375475095
91.1897379476
-70.1969393879
8.899479896
76.700140028
-97.4620924185
-75.899679936
61.1837367474
-32.9551910382
-84.0573114623
-26.7522504501
49.6203240648
37.850170034
-53.3593718744
-95.0373074615
40.7113422685
64.4838967794
-13.5698139628
-53.3564712943
11.5927185437
19.1642328466
32.2045409082
14.5451090218
-62.6569313863
-68.7459491898
41.0564112822
-4.78205641128
49.4777955591
146.949789958
-19.9814962993
-172.973194639
-27.552110422
69.5442088418
71.1365273054
20.5370074015
39.1063212642
-75.8417683537
-53.5191038207
4.97099419884
-25.3809761952
88.7168433687
68.9790958191
-123.342668534
-33.7146429286
77.3787757552
-18.3146629326
-58.1043208642
93.7888577716
17.7409481896
-108.24534907
-84.0407081416
33.198939788
81.3441688338
58.2544508901
-114.425685137
-72.9688937787
49.9294858972
65.5432086417
-37.1346269254
-16.4339867973
-0.128525705142
-44.7589517903
146.608221644
57.0392078415
-231.236447289
-76.4830966193
157.661932386
31.7073414683
-15.5444088818
-8.2220444089
-6.35717143429
10.3758751751
25.8667733547
-93.325365073
-97.6303260652
37.8781756352
138.156531306
60.5369073814
-76.3572714543
-57.5283056611
-45.5615123025
-23.4145829166
11.2513502701
47.3342668534
37.1315263053
17.5919183837
-58.6330266053
-40.9143828766
34.7590518104
-42.5771154231
13.5941188238
75.1947389478
-34.8813762753
-61.2746549309
46.3328665733
-11.7344468894
31.0202040408
67.6729345869
-54.0409081817
-190.376875375
73.7554510902
110.968693739
63.150530106
-1.4596919384
-170.095819164
-113.143228646
77.8863772755
144.533406681
-13.8862772555
-55.1583316663
-33.5651130226
-62.2889577916
63.5770154031
36.6544308862
-65.7385477095
32.9118823765
-23.3646729346
-104.481396279
77.0048009602
99.4203840768
-15.4386877376
-51.2903580716
-11.8085617123
-46.0059011803
1.53150630126
-21.7957591518
8.32686537308
144.441188238
39.2944588918
-198.98979796
-118.159631926
113.078015603
96.2826565313
-7.41588317664
9.11932386477
-124.800360072
-21.9182836567
161.049809962
43.6901380276
-137.723744749
-64.6912382476
23.2047409482
69.5148029606
10.9898979796
-1.36127225445
-11.9890978196
-0.248049609922
-52.0975195039
18.6289257852
-84.5706141228
42.7767553511
125.514802961
33.9188837768
-73.6758351671
-154.715343069
-45.5295059011
140.678435687
82.2990598119
18.4972994599
-120.578415683
-104.105121024
42.4913982797
151.306661332
-83.9213842769
-16.3160632126
36.8817763553
-27.8294658932
-22.6307261452
17.4263852771
19.9796959392
27.5070014003
4.21044208841
-76.6057211442
-24.9808961792
102.548309662
17.7704540908
-85.3287657532
-16.7976595319
48.2138427686
-41.0577115423
-6.64342868574
27.4132826565
16.1130226045
63.849369874
-54.3455691138
-116.171434287
-59.1047209442
171.820064013
42.2514502901
-103.123324665
-55.3516703341
31.0084016803
40.9571914383
-8.26065213043
-14.8724744949
-21.6554310862
6.87387477496
-69.6556311262
33.5897179436
79.4844968994
20.7559511902
-66.4926985397
-121.831466293
63.1573314663
104.280456091
-37.9098819764
-16.1716343269
26.0267053411
-71.2846569314
-7.34476895377
79.4399879976
-55.1169233847
26.7910582116
84.8783756751
-102.805161032
-105.079215843
72.4829965993
34.9841968393
42.0623124625
-2.60532106424
-152.74724945
54.0642128426
88.9167833567
-96.3410682136
-8.00710142028
36.1641328265
-97.3730746149
88.5178035607
-6.55041008202
-88.5961192238
67.3213642729
83.700540108
-172.691138228
21.9431886378
109.664432887
-137.367673535
-42.4270854171
111.723144629
-41.8730746149
34.024604921
-10.1047209442
-96.9533906781
48.6272254451
59.9146829366
-109.411482296
28.524104821
32.4548909782
-40.4280856171
26.1845369074
26.9053810762
-63.5209041808
6.72414482898
60.2049409882
-85.449989998
-21.1196239248
52.9211842369
32.7568513703
-22.8874774955
-12.6518303661
-58.6545309062
-5.37177435487
126.526405281
-18.923984797
-77.0643128625
-19.875375075
-17.6166233247
28.2358471694
65.8899779956
-15.6653330666
-101.532606521
9.32276455291
57.7411482296
-37.8084616923
-27.8660732146
16.6087217443
31.9817963593
-29.6062212442
-72.1293258652
-33.4199839968
45.5612122425
69.8892778556
23.6318263653
-86.475295059
-89.7777555511
21.049309862
148.457791558
-17.3531706341
-99.6035207041
-51.8381676335
45.1193238648
28.7437487498
33.2301460292
-21.4457891578
-75.8120624125
-28.6946389278
4.09101820364
78.3679735947
31.725245049
-59.7513502701
-29.6936387277
34.7771554311
-81.5648129626
12.299559912
81.9150830166
-49.8429685937
-54.674934987
18.3875775155
-14.5577115423
-17.6106221244
8.18573714742
52.3533706741
-7.28245649131
-107.776655331
-13.0552110422
142.895779156
30.2962592518
-79.4927985597
-50.0531106221
-7.18823764753
-0.324264852963
39.9130826165
30.974594919
-36.0529105821
-3.48419683936
11.025305061
-78.4523904781
19.7777555511
48.149129826
-17.0834166833
26.5771154231
-14.7202440488
-61.3983796759
-21.150130026
-3.2051410282
11.6692338468
58.7583516703
-15.0838167634
-29.1595319064
-88.2820564113
25.3732746549
104.836167233
17.4342868573
-97.925485097
1.89857971597
44.3907781556
-69.8362672535
0.986997399478
67.5222044409
11.1474294859
3.18653730745
-43.4364872975
-199.527805561
29.0081016203
279.922984597
37.7222444489
-161.480996199
-108.5
-59.7376475295
34.4807961592
127.480696139
9.25085017004
-109.083216643
-157.797259452
-117.672534507
59.775955191
192.959391878
41.1641328266
-99.423184637
-139.381576315
-31.6117223444
104.717543509
132.065813163
-15.0916183237
-74.8107621524
-93.076115223
74.7909581917
78.2102420484
22.2539507901
-53.7768553711
-87.3971794359
-36.5173034607
154.666833367
49.7275455091
-16.5929185837
-99.1664332867
-30.0067013402
32.5035007001
1.30346069213
7.48769753951
42.5349069814
-12.6305261052
-51.6103220644
-67.3326665333
-19.7767553511
40.2625525105
37.0725145029
-49.5626125225
10.4634926985
-53.6361272254
-40.8628725745
63.1686337267
93.1873374675
-105.107821564
-67.2060412082
84.1415283057
-49.1753350671
-59.4049809962
158.604920984
-3.02660532106
-160.134926985
52.1421284257
55.3551710342
-62.6758351671
-6.13522704538
46.575615123
-50.673934787
0.649529905997
32.2626525305
1.42858571714
-30.6468293659
-67.8640728146
-5.32606521303
40.5076015203
20.4108821764
35.8150630126
20.3173634727
-125.539207842
-28.8088617723
137.309561912
-44.023404681
-146.172134427
134.478595719
67.4489897979
-117.293958792
-32.5543108621
41.2975595119
23.4663932787
15.175935187
-88.2254450891
8.44868973797
68.2158431686
-41.0939187838
-77.8043608722
87.4345869174
31.3615723144
-52.3137627526
-82.7884576915
-2.16843368673
2.10092018404
47.5190038007
9.649929986
1.34136827365
-28.1434286857
6.31186237247
-12.3080616123
-42.6406281256
9.01760352072
54.476295259
-17.4387877576
-24.4547909582
22.0891178236
-4.52260452091
-31.5290058012
-8.48819763953
0.055711142224
19.1785357072
10.9477895579
-47.1046209242
-16.850870174
3.17863572715
-52.4954990999
26.9880976195
94.1889377876
-38.4958991799
-110.796159232
60.8700740148
16.0198039607
-109.904180836
29.4338867774
117.48819764
-81.9472894579
-40.9304860972
32.2933586717
-44.5665133027
-40.5873174635
34.3588717744
44.773854771
52.4800960192
38.6185237047
-154.381376275
-54.6575315062
136.592018404
79.626225245
-116.658931786
-56.452590518
106.024704941
-22.975195039
-54.5366073215
12.2887577516
-9.50840168035
-15.5233046609
68.3213642729
3.01660332062
-117.172034407
-26.5234046809
34.5424084817
36.0632126425
3.29355871173
-35.4363872774
41.0879175835
-32.8884776956
-85.9310862172
39.7845569114
77.5666133227
-37.973394679
43.4080816163
-32.4580916184
-110.556611322
67.9833966794
114.887277455
-8.07721544312
-30.4982996599
-46.7272454491
-113.48989798
86.5379075816
121.99559912
-29.074014803
-8.0777155431
-50.5728145629
-68.4683936787
89.7111422285
44.1730346069
-100.036207241
45.9721944389
19.7479495899
-78.2143428686
-31.6108221645
-33.6654330866
133.815563113
61.0239047809
-150.25705141
-56.8960792158
48.6029205841
-27.0012002401
-4.84796959388
81.6964392879
9.46229245845
-30.6300260052
-29.3170634127
-41.7182436487
66.1577315463
30.1354270854
-82.6872374475
69.1682336467
82.3155631126
-94.5027005401
-38.2720544109
16.5117023405
7.57821564312
45.7824564913
-2.66733346672
-59.1411282256
-4.71114222841
26.2233446689
-17.5795159032
18.0839167834
20.4657931586
64.6463292659
-17.6415283057
-119.50110022
-20.9336867373
60.0723144629
70.2391478296
24.7171434287
-41.2399479896
-73.8338667734
-13.926585317
37.2673534707
-54.1575315063
-16.325365073
113.411882376
47.0673134627
-70.0888177636
-140.078215643
-15.0943188637
136.777255451
64.5691138227
-64.3731746349
-59.0217043409
-12.9083816763
-0.136527305431
102.187137427
-7.26135227049
-70.2970594119
32.5131026206
49.4414882976
-27.4599919984
-38.1542308462
-12.2027405481
60.0087017404
81.1145229046
-41.8446689338
-102.0
4.99129825967
46.4576915383
-11.6063212643
32.5411082217
27.1142228446
-103.946189238
10.0733146629
114.629125825
-60.7407481496
-90.2733546709
71.699439888
40.7523504701
-18.0421084217
-18.9825965193
49.7148429686
-39.124424885
-71.7712542508
30.2958591718
23.3799759952
-2.74024804959
37.6184236847
-20.9562912583
2.23434686939
24.4363872774
-38.5290058012
-19.4156831366
-20.6701340268
4.10622124426
90.6021204241
55.9151830366
-124.048609722
-88.3034606921
99.7095419084
66.9864972995
-40.123624725
-61.2541508302
6.66683336668
13.1484296859
11.1682336467
69.0731146229
-8.91708341669
-48.5370074015
-29.173734747
22.2051410282
37.6543308662
-22.1521304261
-6.89037807561
79.0
-22.2214442889
-108.691338268
69.7587517504
80.1574314863
-76.6728345669
-42.5240048009
96.9802960592
-1.11892378476
3.0074014803
20.2790558111
-59.299759952
-23.925985197
42.6577315463
24.850570114
54.2283456691
7.41488297657
-74.1119223845
-2.04140828162
54.1059211842
-26.2656531306
-41.9268853771
55.9095819164
-31.3601720344
5.24684936989
2.38127625525
-12.7175435087
-26.3862772554
0.276055211045
12.5518103621
38.5525105021
-38.7829565913
-65.4874974995
52.2905581116
45.3842768554
-5.86327265453
-7.94078815763
11.5021004201
-33.8719743949
-25.6190238048
25.3829765953
-0.794358871771
35.6313262653
24.1394278856
-51.8915783157
40.8330666133
55.6359271854
-94.1805361072
-52.5808161632
78.7417483497
-6.58781756353
11.8847769554
31.1272254451
-19.0822164433
14.6063212643
-7.30396079217
-78.3137627526
-7.73504700939
55.3264652931
59.3353670734
18.1610322065
-65.798559712
-116.199739948
68.224344869
96.3318663733
-9.46519303861
-61.349769954
-41.1567313463
3.81856371277
40.6526305261
15.0597119424
-30.4565913183
17.9440888178
29.9378875775
-37.299659932
-42.7183436687
29.6371274255
32.149829966
93.2046409282
-18.8671734347
-129.674134827
42.5066013203
102.723344669
-20.3725745149
-23.4131826365
25.9148829766
-44.148329666
-30.4980996199
57.6588317664
17.4698939788
-2.21204240847
47.775955191
-27.174534907
-22.8711742348
-9.25715143028
-16.9312862573
-1.1431286257
84.0299059812
-33.2686537308
-48.0670134027
20.9350870174
-24.1088217644
-16.2810562112
94.2161432287
29.2635527105
-136.627625525
-33.7633526705
84.101020204
51.650430086
0.616923384672
-29.624624925
-43.8340668134
13.8410682137
12.9554910982
22.7298459692
-0.752550510102
-3.52150430087
-26.5686137227
25.5035007001
20.7363472695
-45.6280256051
-5.44748949789
99.7922584517
16.6800360072
-53.0658131626
-33.9641928386
40.0286057211
-27.1165233047
7.16693338669
79.801060212
-11.9641928386
-55.9575915183
-7.70074014802
50.7647529506
-27.674034807
-21.7083416683
19.7704540908
55.1886377275
33.675735147
-62.0662132427
-27.774554911
24.6569313863
-18.5106021204
23.7333466693
48.5269053811
29.9733946789
-43.2210442088
-41.0848169634
5.14482896579
0.77425485097
19.7765553111
35.9063812763
19.9606921384
-19.7959591918
-58.0690138027
38.5910182036
-0.0409081816401
29.8123624725
35.9655931186
-39.5014002801
-18.3448689738
38.7071414283
24.1858371674
-22.99909982
-1.17283456692
-20.1112222444
-40.2736547309
32.7282456491
67.449389878
3.82606521304
-26.5694138828
-11.5554110822
-30.4200840168
-7.66983396679
53.75065013
4.89337867573
-24.1373274655
31.0826165233
-7.52550510104
-34.5179035807
1.71354270855
54.0699139828
34.2872574515
-17.50110022
-34.7054410882
31.9394878976
10.5522104421
-2.61062212442
39.8573714743
38.0768153631
-9.12432486498
-53.8617723545
-25.850970194
30.2721544309
48.0339067814
38.6914382877
-10.4291858372
-18.5113022604
-5.87677535508
3.23564712943
-1.39477895579
-2.90058011602
25.6079215843
-16.876175235
-2.73434686936
-12.8817763553
2.31186237249
41.9768953791
-45.7612522505
-27.6736347269
44.0060012002
-6.89447889578
1.79825965194
35.8894778956
-17.273954791
-18.2487497499
53.3788757752
-19.0671134227
-37.7543508702
-3.77525505101
66.0177035407
44.3889777956
-5.37287457493
-83.1344268854
-31.0600120024
20.1916383277
55.5074014803
53.7075415083
-43.6028205641
-84.0
-10.8082616523
53.9551910382
27.9894978996
49.5539107822
-19.1149229846
-57.9621924385
-33.6974394879
17.5863172635
65.2270454091
37.2042408482
-30.9611922385
-20.4282856571
-16.7104420884
-20.0418083617
37.701340268
-1.77335467094
1.38327665535
51.6174234847
-17.7376475295
-29.5917183437
-0.0480096019146
-29.1018203641
2.36347269456
45.4265853171
21.3795759152
-7.13222644529
11.0045009002
-61.2412482497
-57.8678735747
53.0230046009
92.6532306461
32.3905781156
-57.0772154431
-87.0684136827
-3.44488897778
47.7312462493
66.5773154631
37.1791358272
-32.574814963
-60.7035407081
15.4017803561
41.5832166433
-44.3796759352
19.6033206641
61.3601720344
-35.6697339468
-23.1616323264
60.8619723945
12.4146829366
-36.9951990398
-9.10242048409
34.5823164633
28.0487097419
-24.8227645529
-31.7851570314
44.2172434487
40.1625325065
-5.87157431486
20.199839968
-11.2960592118
-38.9366873375
6.42438487698
20.2685537107
39.1294258852
68.4796959392
-3.35567113423
-69.4649929986
-44.524304861
27.0891178236
75.8732746549
28.4160832166
-48.7950590118
-32.2980596119
9.63862772555
1.7925585117
47.599619924
50.8600720144
-64.0939187838
-71.1662332466
33.9536907381
19.9112822564
48.2526505301
20.3693738748
-34.7444488898
-7.17473494698
7.34796959392
15.6274254851
9.15673134627
-2.0
7.18853770754
20.8310662132
17.6559311862
6.65953190638
14.1720344069
-55.2106421284
6.66153230647
30.0135027005
17.4086817363
7.87827565514
29.9948989798
23.6558311662
-6.12032406483
-34.725145029
10.3409681937
61.1234246849
30.2373474695
-3.34796959393
-38.3515703141
-11.0985197039
43.7813562713
37.1789357871
0.549409881971
3.07901580316
-22.7157431486
-25.5057011402
17.2124424885
23.8597719544
19.4899979996
18.824864973
6.77315463091
-45.0075015003
-25.075215043
28.6137227446
30.0049009802
6.76675335067
14.8673734747
-12.4150830166
-41.1022204441
7.64882976596
33.7029405881
29.6089217844
16.4867973595
-6.21204240849
-6.99449889978
-7.63342668533
17.4471894379
0.420884176823
10.1621324265
59.3514702941
31.401680336
-31.3771754351
-40.6618323665
-23.4637927585
44.0795159032
52.2550510102
-1.86277255453
-43.8888777756
5.17293458694
16.6867373475
-0.0906181236342
33.4387877576
35.8466693339
-20.8846769354
-42.2720544109
-24.4364872975
36.5456091219
73.2474494899
38.7460492098
-44.9468893779
-46.8798759752
-21.1273254651
21.6470294059
59.9373874775
23.1307261452
16.4989998
-22.548809762
-35.5644128826
-5.0478095619
49.1819363873
61.9590918184
1.38887777554
-44.6963392679
-21.7647529506
11.5214042809
17.3308661732
47.6706341268
6.5801160232
-10.0
-8.64692938587
-13.4430886177
4.13512702541
25.7386477295
8.00920184038
24.5843168634
6.20964192837
-13.5837167433
-1.89387877575
2.70164032806
6.72894578916
15.0194038808
32.974894979
-2.76155231048
5.60562112423
16.8598719744
-38.7023404681
14.2070414083
42.4600920184
8.31046209241
-15.9767953591
29.8648729746
-4.85187037408
-14.5309061812
40.800260052
32.7026405281
-22.075015003
-9.5930186037
33.0848169634
22.2946589318
-8.46829365873
1.60552110422
1.5
26.6300260052
34.1345269054
-10.2880576115
-13.6460292058
2.10862172435
1.82626525305
18.775855171
27.5797159432
19.1633326665
8.67673534707
11.8542708542
-26.2587517504
-17.9703940788
20.2460492098
26.5
26.8408681736
1.16883376673
-20.9705941188
-16.5035007001
9.54850970194
12.0856171234
52.3472694539
26.2781556311
-35.9449889978
-29.1174234847
7.13082616523
3.85047009403
30.8811762352
38.3778755751
27.0
5.26415283056
-1.96959391879
-22.3653730746
-2.51230246049
1.58031606322
28.3561712342
34.49959992
24.2518503701
-39.4780956191
-0.626225245039
33.5187037407
-12.5953190638
-14.0602120424
24.9568913783
14.6541308262
-0.874874974994
27.9659931986
4.39497899579
-23.6279255851
22.4080816163
13.9407881576
-7.76125225045
-6.02440488097
2.37937587517
2.86197239448
36.3291658332
29.274154831
-11.8407681536
-12.5841168234
11.5
-7.87257451491
19.2445489098
-3.14312862573
32.9338867774
55.3722744549
3.76825365072
-56.2798559712
-11.4633926785
10.8071614323
37.8921784357
45.6229245849
13.49989998
-20.7519503901
-9.42418483696
6.90818163632
-1.29135827165
1.59111822364
-15.8523704741
15.0387077416
27.7611522304
-13.3291658332
-11.1199239848
11.5540108022
2.24904980996
17.6721344269
14.0934186837
-30.0816163233
4.56521304262
44.7894578916
7.87727545509
3.28055611123
-18.124124825
-14.6634326865
22.0267053411
46.0105021004
7.65053010602
-5.07981596319
-0.141228245649
-17.6364272855
-22.6689337867
37.0259051811
55.5676135227
8.06191238247
-2.6425285057
-17.5478095619
-41.1019203841
6.23104620927
62.4357871574
34.3132626525
-11.3416683337
-20.6644328866
-42.8329665933
-2.33166633325
44.5090018004
35.1521304261
3.99349869974
-4.45409081817
-29.4167833567
5.0347069414
-0.717943588721
5.69343868775
47.2586517304
41.5453090618
-12.0542108422
-35.299859972
-19.5418083617
28.4324864973
49.3712742549
31.3528705741
-18.6060212042
-15.2904580916
-3.86187237447
18.0884176835
28.5
14.6154230846
5.92428485697
-15.2269453891
-4.50200040008
-5.97639527906
1.13322664533
39.6858371674
23.8480696139
-23.9465893179
-20.6304260852
0.75665133027
6.65733146629
24.2981596319
39.2192438488
-29.5715143029
-46.2220444089
36.0783156631
36.3451690338
12.6294258852
16.6947389478
-16.7470494099
-29.5401080216
16.5881176235
30.3208641728
7.95709141828
10.4735947189
9.82976595318
-1.64832966593
-22.1406281256
-11.0695139028
10.5662132427
45.8525705141
0.297759551899
-10.6936387277
-13.300460092
31.2472494499
14.3147629526
-20.1414282857
-9.48219643928
19.2779555911
2.07231446289
5.77025405081
1.58201640328
8.525105021
-6.64792958592
-11.4611922384
-0.992998599717
2.51140228046
3.45309061813
13.6972394479
14.0144028806
7.20634126825
-2.08841768354
-7.22404480896
-0.708641728343
9.09611922385
21.1624324865
9.57531506301
-6.86437287458
2.81786357272
16.3412682537
6.14732946589
4.06061212242
5.12892578516
0.704940988197
-1.94328865773
22.5118023605
15.9063812763
0.832566513303
14.8121624325
2.37127425485
-8.53580716143
-0.495599119822
-4.94108821764
0.504500900185
38.0079015803
24.2373474695
-22.1846369274
-9.31116223244
-2.99139827966
-0.818963792753
18.8026605321
-12.7701540308
-18.5932186437
34.8321664333
24.8622724545
-22.0515103021
-2.95139027805
9.125125025
-15.9645929186
-9.39517903579
24.5103020604
25.4374874975
23.2701540308
27.7060412082
-15.3055611122
-21.8630726145
-0.109221844369
5.11292258452
38.7665533107
57.1208241648
23.5788157631
-28.348569714
-31.0945189038
-14.2267453491
24.7141428286
44.3403680736
21.0652130426
0.475495099019
-11.0840168034
-17.0
-6.48739747949
22.399179836
29.6330266053
-0.543808761759
-25.2941588318
-21.3427685537
2.9398879776
23.1849369874
13.4515903181
30.3085617123
1.39037807561
-42.0832166433
-6.31976395279
7.6974394879
14.1486297259
31.3152630526
19.2055411082
-7.79665933187
0.833566713345
7.54710942188
-2.92368473695
5.01900380076
11.5799159832
29.4591918384
22.8343668734
-5.69113822764
-5.70174034807
-9.23364672935
3.03620724145
41.6976395279
34.0188037607
-17.6771354271
-16.9306861372
1.37637527505
2.10932186437
35.9776955391
40.3619723945
-16.1644328866
-17.3931786357
-1.89427885577
13.3533706741
13.5569113823
12.5765153031
-4.68093618724
-4.18113622724
-0.690338067612
-3.91208241648
2.3822764553
21.7365473095
4.81786357271
0.232646529306
9.54310862173
8.1926385277
-4.12712542508
12.1841368274
8.7276455291
7.42528505701
20.3127625525
5.2849569914
-1.81196239248
9.42688537708
7.98419683937
5.21414282857
18.1377275455
21.6522304461
-7.99959991998
3.94478895779
7.52190438088
10.1273254651
26.3649729946
4.14592918584
-10.9091818364
0.340668133627
-1.34796959392
3.94168833767
17.5046009202
15.6276255251
10.6374274855
-6.4074814963
-18.8210642128
7.38957791558
10.4284856971
-0.294558911783
2.10412082417
11.9048809762
2.53630726145
6.34766953391
5.33726745349
-0.338167633527
0.723944788959
5.5
4.09971994399
10.3785757151
9.57421484297
-1.63872774555
-1.73024604921
-0.5
5.64892978596
20.2466493299
14.5442088418
8.1125225045
-0.138227645529
2.17623524705
5.95699139828
17.7973594719
-1.73464692939
1.20274054812
16.4026805361
17.1518303661
7.02130426085
-2.53730746149
1.67673534707
-9.93058611722
-1.84436887377
16.9319863973
15.6135227045
2.98609721944
14.900480096
-0.61142228447
-16.5377075415
4.54050810162
10.2914582917
6.68543708742
19.2705541108
14.675135027
-3.69353870774
-1.32946589317
18.9713942789
26.9453890778
9.92098419683
-6.00040008002
0.947489497898
5.9923984797
14.1469293859
17.5153030606
16.6925385077
16.6610322064
-4.85547109423
-20.5
-1.39847969594
23.5775155031
16.5071014203
8.59221844369
11.699839968
-4.81616323265
-27.3076615323
-9.97629525904
12.7695539108
24.7923584717
23.4383876775
9.30756151229
-7.52310462092
-10.0077015403
-6.53080616123
4.89217843569
31.0383076615
28.300260052
1.91548309662
1.0
-1.19213842768
0.961192238448
18.5458091618
18.1081216243
9.24604920984
8.63082616523
-1.2298459692
-10.0
8.04480896179
25.3301660332
14.300560112
6.03930786157
-1.55331066213
-9.5
0.176135227048
3.01600320064
1.46089217843
15.8444688938
19.5853170634
2.825265053
-8.37717543509
-1.88487697539
-0.677735547108
6.69943988798
6.72394478896
2.46079215843
14.9616923385
0.526405281045
-8.78575715143
3.54430886177
16.5916183237
15.2309461892
13.9087817564
4.43188637728
1.5600120024
12.0073014603
3.0024004801
-8.5324064813
11.8340668134
26.9529905981
18.2184436887
9.57781556311
3.63982796559
-9.50560112023
-6.90308061611
5.93628725745
19.6516303261
25.2925585117
22.1392278456
-1.59401880376
-13.5
-2.57961592318
5.25275055011
4.42168433687
13.2219443889
12.6467293459
0.658231646318
-15.0136027205
-6.27375475095
1.7898579716
7.72214442889
8.38587717543
5.70064012803
7.79165833167
2.86417283456
-5.27625525105
-1.34716943389
-2.08701740348
11.7783556711
24.0182036407
12.0735147029
7.46009201841
8.7776555311
-5.57321464293
-4.96529305861
12.0958191638
16.9626925385
14.775755151
15.9857971594
4.65783156631
-2.66963392678
1.45909181836
7.64532906581
3.91288257652
9.2598519704
8.82776555311
2.5
3.05341068214
0.400880176034
2.63712742549
5.08371674335
0.847969593917
6.98909781957
3.2575515103
-4.77645529106
0.680836167237
8.5375075015
4.88077615523
2.30526105221
3.47839567913
-4.53350670135
1.9924984997
4.74564912983
0.549209841965
6.09331866374
12.0318063613
7.65803160632
3.52360472094
3.5
-1.4373874775
1.78905781156
8.0
3.79285857171
6.85987197439
8.5
6.0
3.61652330466
3.93788757752
1.73614722945
4.93018603721
10.0
10.4224844969
6.66863372675
9.15913182637
4.5
-2.07081416283
-3.08061612322
9.69503900781
13.2089417884
9.60832166433
8.10262052411
10.8480696139
1.84936987397
-1.0
-1.5
0.237147429487
9.26195239049
19.6652330466
11.2157431486
-2.47219443889
-1.40068013603
0.0
1.40838167634
6.5399079816
12.2517503501
9.50980196039
4.6951390278
2.71054210842
0.362972594517
1.88797759552
0.756751350269
-3.69303860772
5.10622124425
6.20074014803
7.5
5.91688337667
0.924584916982
-0.283856771354
-1.0600120024
-1.22384476895
2.20074014804
8.76845369074
12.3977795559
3.95699139828
-0.0138027605535
-4.01830366073
-4.00320064013
0.462792558516
5.0
4.73764752951
3.06481296259
0.540108021603
-1.54780956191
-4.0
0.810362072416
6.35637127425
3.5
0.5
-1.35897179436
-5.30086017203
-2.55471094219
0.0
0.875175035007
0.3674734947
-2.57931586318
-5.52810562112
-0.622524504899
0.336667333468
0.82896579316
1.2149429886
-0.593218643729
-2.0
-3.29815963193
-3.91908381676
-0.891378275655
1.5
1.38367673535
5.12982596519
0.620124024804
-2.74424884977
-3.26345269054
-0.313462692538
5.80286057212
8.78655731146
11.3528705741
8.90098019604
1.92898579716
-0.317363472694
-2.8622724545
-1.74914982997
5.46789357872
9.87957591519
12.5
9.36357271454
6.79945989198
0.0
-3.61332266453
0.0528105621124
2.99479895979
10.1353270654
11.2087417483
7.42518503701
2.29865973195
2.32176435287
-0.172434486895
-1.86797359472
0.195539107821
3.04290858172
8.04180836168
8.5
8.74724944989
2.50660132026
-1.48019603921
-8.92958591718
-12.075915183
1.3349669934
5.41858371675
9.40318063613
9.0
3.75525105021
-0.428485697141
-3.92078415683
-3.5
-1.28385677135
6.79535907182
10.8349669934
8.5
5.81356271254
4.58281656331
-0.359171834367
-1.47279455891
-0.421884376876
2.83606721344
4.91418283657
7.01900380076
2.18703740748
5.0
3.60122024405
-0.724644928987
-5.56431286257
-4.31386277255
-3.11662332466
1.40668133627
6.62432486497
7.02540508101
-0.132026405281
-1.0
-4.30136027206
-0.106421284258
1.76285257051
4.6974394879
7.6551310262
4.81796359272
1.66283256651
1.58331666333
4.0
4.65123024605
5.14352870574
5.29625925185
5.37187437487
0.620424084818
3.91908381676
6.0525105021
5.40268053611
4.17923584717
2.75425085017
-0.537107421485
1.0
2.5
2.65333066613
5.5
4.5
1.91598319664
-1.76015203041
-0.518903780757
-2.48529705941
1.49719943989
2.0
2.49089817964
1.26295259052
0.550410082014
-2.04130826165
-0.04900980196
0.0
1.46779355871
2.64182836567
1.15963192638
-0.0312062412504
-1.5476095219
-1.80146029206
0.389377875576
3.0
3.87397479496
2.31686337267
2.64142828566
0.5
-0.5
1.16773354671
2.0
0.820064012803
2.3123624725
2.89067813563
0.601520304061
0.0
-0.281556311264
-0.363072614523
-0.116923384677
1.0
0.750750150031
0.392378475695
-1.23534706941
-4.43088617723
-3.2199439888
-2.68163632727
-1.44318863773
0.0984196839372
0.310862172433
-3.5
-1.82626525305
-1.0
0.987497499502
4.07531506301
0.0356071214237
-0.932386477295
0.372474494898
0.619823964793
1.61212242449
3.26105221044
5.40328065613
4.45549109822
1.54670934187
-0.463192638527
-1.0
-1.41268253651
2.22474494899
1.56421284257
3.0
1.0
0.240148029606
-0.518003600721
-2.0
-2.49829965993
-0.233346669334
-0.0188037607513
-0.263252650529
0.5
-0.312862572514
-1.42558511702
-1.5
-0.0325065013003
-0.286357271454
0.0
-0.5
-1.0
-0.5
-0.555611122224
0.0
3.3100620124
0.951490298059
0.42898579716
0.175135027006
0.0
0.667433486698
2.08641728346
2.81946389278
0.282356471294
1.69593918784
0.796359271855
0.288657731548
0.609521904381
-1.36337267453
2.5
2.74214842968
-0.875075015003
0.5
-0.234746949391
-0.5
-0.140328065613
-1.39417883577
-0.351970394079
0.401880376075
-1.34426885377
-2.0
-1.32686537307
-0.665433086619
-0.842268453691
0.650030006002
-0.142328465694
2.36537307461
1.12692538508
0.0
1.0
0.0
-0.201940388078
0.0442088417685
1.91928385677
-0.0365073014609
0.282656531306
0.528805761152
-0.725045009001
-0.584416883379
0.30176035207
-0.486597319464
0.0
0.00570114022867
-0.00370074014791
0.49599919984
-0.767553510701
-3.44178835768
-0.790658131627
-1.4825965193
-2.14372874575
-2.57531506301
-3.01060212042
-2.40158031606
-2.49339867974
-1.58101620324
-1.79435887177
-2.45179035807
-3.10412082416
-3.05591118224
-1.69023804761
0.936387277456
0.682536507302
0.071314262852
-2.80066013203
-4.78885777156
-3.16433286657
-2.5
-1.15943188638
0.0944188837766
1.30346069214
2.29575915183
1.0
0.829465893178
0.0
-0.264952990599
0.5
0.874774954991
-0.137227445488
-1.73414682937
-0.339667933586
0.21874374875
-0.605521104221
-1.85167033407
-3.30436087217
-0.468093618723
-2.77035407082
-3.83626725345
-0.664832966593
-2.17143428686
-1.57471494299
-1.35827165433
-2.0
-5.06581316263
-1.67793558712
-1.38907781556
0.154830966193
0.797759551911
0.0878175635135
0.629825965191
0.391378275655
-0.217643528706
-0.442988597719
0.5
0.0
0.466093218643
-0.526205241049
-0.981496299259
-0.00540108021596
0.251550310062
-0.495399079817
-0.268453690736
0.0200040008003
0.972294458892
-0.411482296461
0.185337067415
-1.92378475695
-0.77925585117
-2.43378675735
-0.786957391478
-1.41838367674
1.58931786357
-0.54850970194
-0.5
0.943788757751
0.189937987598
0.436087217444
-1.36447289458
-1.42838567714
-1.82546509302
-0.658631726345
-0.833166633326
-2.41298259652
-1.13652730546
-1.09471894379
-2.89427885577
-0.397579515903
0.5
0.5
-1.72794558912
0.0
0.0
0.0
-0.120624124826
-0.133226645329
0.5
0.859071814363
0.315663132628
0.797259451891
2.41488297659
-0.312662532506
-1.41018203641
-0.328065613123
-1.41788357672
-0.171734346869
-2.07441488298
-0.320564112822
-1.06671334267
-0.622824564911
-0.763952790556
0.474194838968
0.397379475895
-1.3923784757
-1.95639127826
-3.0
-2.39227845569
-3.12822564513
-0.584616923386
-0.951290258052
-0.5
0.533306661333
0.0
-0.258951790358
0.994898979796
1.74624924985
1.49219843969
-0.5
0.479395879176
2.05661132226
-0.98199639928
-0.5
0.474294858972
0.0
-1.46659331866
-0.78725745149
-3.29445889178
-1.0
-1.5976195239
0.105321064213
-1.44348869774
-1.68963792759
-1.1926385277
-0.954190838168
-1.71234246849
-1.37117423485
-1.31846369274
-3.66693338668
-4.15073014603
-3.20584116823
-3.4049809962
-1.40678135627
-2.30816163233
-1.28685737147
-1.72084416883
-3.95709141828
-1.5275055011
-2.37197439488
-1.62582516503
0.620324064813
-0.332366473295
-0.436887377474
-0.576315263054
0.209841968393
0.148929785957
0.902780556111
-2.18673734747
0.0895179035806
-2.34266853371
-4.58181636327
-0.360172034404
2.0
-0.5
-3.30076015203
-0.750250050012
-0.5
-0.304860972195
-0.346969393878
0.0943188637739
-0.413382676534
-1.23674734947
-2.57121424285
-2.93648729746
-2.41628325665
-0.774054810962
-2.41918383677
-2.33176635327
-2.4374874975
0.206741348269
-1.49039807962
-0.750950190039
-1.00290058012
-0.48649729946
-0.521204240848
1.52890578116
0.0183036607314
-0.0443088617722
1.0
-0.279855971194
-0.932586517305
-0.362672534507
-1.87577515503
-0.933186637331
-0.392878575709
-0.711842368473
-0.329565913184
0.621324264852
1.06451290258
-0.5
-2.07221444289
-4.15213042608
-3.26025205041
-2.0
-1.5
-2.5
-2.09531906381
-4.69833966793
0.087917583518
-3.42938587718
-3.27855571114
-2.63542708542
-1.47369473895
-1.12772554511
-0.878375675133
-0.360072014403
-4.09851970394
0.83696739348
-1.07541508302
0.41848369674
0.746149229844
0.0
1.34306861372
1.67843568714
2.0
0.673934786955
0.655331066215
0.573814762953
1.8199639928
1.80166033206
0.249049809965
0.0
1.5
0.398579715942
-1.5
-0.45699139828
0.210842168433
0.429385877174
0.281456291259
-1.91718343669
-1.0475095019
-1.0199039808
1.03210642129
-1.48779755951
-2.29175835167
-3.99099819964
-3.0
-2.99679935987
-0.5
-0.521804360871
-0.5
-0.5
0.272454490898
-1.52630526105
-1.21984396879
-0.56801360272
-1.42428485697
-1.08341668334
-1.5
-1.0
-0.90978195639
0.942888577716
-0.810962192438
-2.24074814963
-1.54400880176
-0.3625725145
-0.826365273054
-0.580216043209
0.831866373275
-2.06041208242
-1.0
-1.09561912382
-1.75265053011
-3.10332066413
-3.07151430286
-3.27795559112
-4.72974594919
-7.28765753151
-4.5
-1.37927585517
-1.73944788958
-2.63412682536
-4.16393278656
-3.71634326865
-6.39567913583
-2.85047009402
-5.0
-3.65723144629
-6.46649329866
-6.17013402681
-3.41878375675
-2.98209641928
-3.64702940588
-5.0
-3.67093418683
-3.12392478496
-2.61622324465
-3.80426085217
-1.5
-2.59311862372
-5.32916583317
-4.86657331466
-3.5350070014
-4.15653130626
-4.10922184437
-3.45309061812
-5.38237647529
-4.79725945189
-3.53570714143
-2.72584516903
-3.51260252051
-5.50070014003
-6.00700140028
-9.02940588117
-7.46639327866
-7.2349469894
-10.0
-9.0
-8.57981596319
-5.71954390878
-7.93138627726
-6.92368473695
-5.54200840168
-5.8875775155
-6.04970994199
-6.58931786357
-5.0574114823
-1.1324264853
-4.26045209042
-8.91378275655
-8.13592718544
-5.0200040008
-3.4025805161
-2.82816563313
-6.08821764353
-5.34206841368
-7.71224244849
-6.0
-6.5
-5.14022804561
-5.94528905781
-8.73034606921
-7.38097619524
-5.62712542509
-4.38017603521
-4.35827165433
-6.13442688538
-4.88827765553
-4.0
-4.89597919584
-4.35017003401
-4.61472294459
-4.6849369874
-4.76585317064
-4.5
-4.09541908382
-3.65413082617
-6.57321464293
-5.81936387278
-6.26205241048
-5.1300260052
-6.76875375075
-2.39207841568
-1.60022004401
-4.38877775555
-7.62722544509
-9.05721144228
-4.93058611722
-2.3425685137
-1.5
-3.40738147629
-4.05791158232
-4.0
-4.04640928186
-5.74224844969
-6.0
-7.0
-6.99619923985
-8.46939387878
-9.0
-8.53070614123
-9.0
-7.77305461092
-5.58071614323
-8.43848769754
-10.2923584717
-11.2884576915
-9.21154230846
-9.59231846369
-8.899979996
-9.69613922785
-5.28855771154
-5.81156231246
-6.0
-4.36147229446
-3.7924584917
-4.0
-4.0
-6.33066613323
-8.0
-6.81526305261
-6.6924384877
-7.649929986
-7.70784156831
-8.42668533707
-9.5
-7.73094618924
-8.76135227045
-8.87317463493
-9.37297459492
-9.11912382477
-8.5
-10.7771554311
-13.6454290858
-10.1888377676
-8.0
-7.61592318464
-10.2108421684
-9.08831766353
-9.5
-7.90308061612
-11.1732346469
-11.5729145829
-11.1809361872
-12.2391478296
-9.12272454491
-6.4424884977
-7.19633926785
-7.04980996199
-6.81616323264
-6.45789157831
-4.57651530306
-6.10322064413
-9.56111222245
-6.89317863572
-7.77285457091
-7.5
-8.26515303061
-5.02260452091
-5.72764552911
-8.01080216043
-8.75025005001
-9.99179835967
-10.7579515903
-10.0
-8.70304060812
-10.0
-10.4532906581
-10.5816163233
-5.40528105621
-10.2556511302
-9.13372674535
-9.91478295659
-8.98229645929
-9.94968993799
-9.5875175035
-11.0580116023
-9.06441288258
-9.5
-11.6804360872
-10.1468293659
-10.3272654531
-11.3377675535
-11.1650330066
-8.44408881776
-11.3146629326
-10.7895579116
-7.29925985197
-10.1873374675
-10.7161432286
-10.5523104621
-11.1946389278
-7.61962392478
-9.49389877975
-6.0
-6.0
-7.9598919784
-6.33336667334
-8.92818563713
-8.81026205241
-11.0
-11.3085617123
-6.31626325265
-8.73594718944
-7.33416683337
-10.0
-8.34706941388
-9.0726145229
-9.31876375275
-9.5649129826
-11.6221244249
-13.0
-12.0
-9.90098019604
-11.0
-10.0
-12.1518303661
-9.5
-10.7802560512
-7.52640528106
-7.68233646729
-8.5
-9.23514702941
-8.06601320264
-10.2428485697
-7.01320264053
-10.0022004401
-7.99559911982
-8.70874174835
-8.03630726145
-10.2659531906
-11.9405881176
-9.54730946189
-10.4724944989
-10.0
-10.9295859172
-12.0
-9.54290858172
-8.59351870374
-12.7975595119
-11.3044608922
-12.3833766753
-12.7513502701
-13.0660132026
-13.2794558912
-13.5
-14.6724344869
-13.0
-14.3294658932
-13.0
-13.5289057812
-15.2095419084
-15.850670134
-16.0
-15.6416283257
-12.3366673335
-11.7321464293
-10.8800760152
-10.8786757351
-11.5105021004
-13.7629525905
-12.0940188038
-13.0
-11.6430286057
-13.1906381276
-12.3970794159
-14.4045809162
-16.3415683137
-14.8859771954
-14.0048009602
-11.3200640128
-15.0215043009
-14.3553710742
-14.9553910782
-16.4353870774
-14.7569513903
-13.0
-13.9091818364
-16.450790158
-13.6139227846
-14.5
-17.150630126
-12.0
-14.3398679736
-9.63052610522
-12.1832366473
-18.9263852771
-14.0
-15.5214042809
-16.2294458892
-16.4969993999
-13.5017003401
-12.0094018804
-13.275655131
-14.4379875975
-15.7337467493
-14.0402080416
-14.5479095819
-15.9721944389
-17.0
-16.0355071014
-12.0
-13.8271654331
-14.7970594119
-13.5
-13.6095219044
-14.824164833
-13.0
-14.0
-14.4386877376
-15.2960592118
-13.3442688538
-15.5817163433
-16.6711342268
-15.0
-17.7836567313
-17.7913582717
-12.7019403881
-13.6048209642
-14.1413282657
-11.8375675135
-13.2672534507
-11.3797759552
-13.125925185
-15.3720744149
-12.3817763553
-13.6356271254
-11.6631326265
-14.7133426685
-14.3971794359
-13.0
-17.6439287858
-16.8888777756
-15.174834967
-15.0
-20.0
-22.9775955191
-17.5679135827
-16.4544908982
-16.1286257251
-17.6209241848
-16.8301660332
-15.0
-17.951090218
-17.0
-14.1236247249
-15.1379275855
-13.5
-17.6779355871
-14.9483896779
-17.6317263453
-16.0
-16.0
-14.9791958392
-15.7827565513
-17.0
-16.0
-15.0100020004
-13.7588517704
-12.5127025405
-13.0
-14.9183836767
-13.4514902981
-16.9437887578
-15.3458691738
-15.9283856771
-15.2896579316
-13.0435087017
-13.7973594719
-15.8975795159
-14.7797559512
-17.0
-15.25105021
-17.800160032
-15.0
-13.8513702741
-18.5
-17.1640328066
-17.8358671734
-15.5897179436
-18.125725145
-17.3896779356
-17.0
-16.4204840968
-16.7820564113
-17.774354871
-16.399979996
-16.2231446289
-16.0
-15.7435487097
-15.5
-13.9077815563
-16.2204440888
-14.2872574515
-11.7949589918
-13.3026605321
-12.3792758552
-16.0229045809
-11.825765153
-11.0
-11.1588317664
-15.651130226
-13.4282856571
-14.4535907181
-12.0
-13.0
-17.8310662132
-15.9073814763
-15.8402680536
-20.8209641928
-15.8363672735
-15.7223444689
-16.4667933587
-13.8825765153
-16.0
-16.0
-17.9287857572
-13.7639527906
-16.0
-16.7437487498
-18.9951990398
-16.5029005801
-15.0
-14.4816963393
-14.0780156031
-14.9325865173
-15.4792958592
-12.9017803561
-16.0568113623
-18.1290258052
-13.5722144429
-16.0
-16.8685737147
-16.2023404681
-16.1030206041
-13.8321664333
-15.7631526305
-17.6869373875
-16.0
-14.7169433887
-15.149229846
-16.6569313863
-16.0
-17.8191638328
-18.1800360072
-18.1561312262
-17.0
-18.5
-18.1054210842
-18.2814562913
-18.4524904981
-18.7981596319
-21.7583516703
-19.0
-20.8714742949
-18.5295059012
-17.7275455091
-14.0
-16.0
-14.4088817764
-13.3032606521
-16.6219243849
-14.3186637327
-12.4790958192
-12.6637327466
-12.1582316463
-11.3736747349
-12.8571714343
-13.3175635127
-15.3185637127
-13.3309661932
-13.8879775955
-13.6043208642
-13.0966193239
-15.4110822164
-14.0
-10.8529705941
-14.5329065813
-15.5581116223
-13.0
-13.0
-15.9649929986
-13.4726945389
-11.0
-10.5119023805
-14.9978995799
-12.2552510502
-11.9775955191
-14.5189037808
-13.5133026605
-16.2671534307
-15.9579915983
-13.099419884
-11.8851770354
-11.0872174435
-11.2912582516
-14.0
-13.8235647129
-12.2020404081
-9.20724144829
-12.9169833967
-11.0
-14.0
-13.1344268854
-15.7157431486
-13.0
-9.6575315063
-10.9173834767
-12.0188037608
-13.4580916183
-13.9349869974
-11.9900980196
-10.9443888778
-10.6343268654
-12.2808561712
-14.5463092619
-17.2654530906
-16.3633726745
-13.49989998
-17.2270454091
-12.0
-14.4538907782
-14.5
-16.8557711542
-14.0
-15.0
-13.0
-12.0
-13.1730346069
-15.9979995999
-17.5271054211
-12.675035007
-15.4288857772
-14.1827365473
-14.3170634127
-16.0
-17.1114222845
-14.5851170234
-14.7119423885
-8.3824764953
-9.78215643129
-12.4270854171
-14.8695739148
-12.2212442488
-14.0
-13.7710542108
-14.0344068814
-13.4732946589
-14.5095019004
-16.2330466093
-13.0036007201
-15.0
-10.5177035407
-12.2402480496
-12.0136027205
-12.6047209442
-12.9147829566
-10.573914783
-13.1160232046
-11.6514302861
-15.0
-13.4188837768
-13.0888177636
-13.8069613923
-14.1042208442
-15.0
-16.7607521504
-16.0
-17.0
-14.9640928186
-15.774354871
-15.6837367474
-13.3316663333
-13.0
-15.0
-13.2223444689
-9.60672134427
-9.64782956591
-9.42408481696
-11.0
-12.1137227445
-10.5297059412
-9.74284856971
-9.62362472495
-13.5165033007
-12.7340468094
-10.2736547309
-11.5627125425
-10.4218843769
-8.79675935187
-7.95669133827
-9.28175635127
-13.0202040408
-11.0
-13.6647329466
-10.0
-10.026005201
-10.9291858372
-9.63392678536
-11.1262252451
-8.76295259052
-10.8891778356
-11.0
-7.73854770955
-8.41228245649
-9.3799759952
-10.5723144629
-10.3384676935
-7.55691138228
-7.67223444689
-10.1462292458
-9.01690338068
-10.7369473895
-10.0184036807
-12.5107021404
-9.00450090018
-11.5047009402
-15.9627925585
-13.0402080416
-10.5278055611
-11.7322464493
-9.95679135827
-11.8772754551
-11.0
-11.4336867373
-8.22204440888
-10.4182836567
-11.0894178836
-11.0072014403
-14.3951790358
-12.3062612522
-12.1803360672
-10.1860372074
-12.8643728746
-13.1783356671
-12.0
-13.3174634927
-12.8335667133
-10.174134827
-12.6363272655
-12.3104620924
-14.0
-10.7049409882
-11.574714943
-12.2203440688
-9.84206841368
-11.7357471494
-8.37827565513
-10.5023004601
-7.87057411482
-10.6167233447
-9.54850970194
-8.0
-10.7103420684
-10.1013202641
-10.3050610122
-10.874474895
-13.6602320464
-14.2422484497
-13.6641328266
-13.4217843569
-12.0
-12.9294858972
-12.0
-13.5
-14.6179235847
-13.5551110222
-12.0962192438
-11.8103620724
-10.174234847
-12.5
-11.0
-11.0320064013
-9.88737747549
-10.9027805561
-8.54090818164
-8.48339667934
-6.26275255051
-11.0
-9.48989797959
-10.0
-9.74734946989
-10.0
-8.23964792959
-10.4715943189
-11.6444288858
-11.8685737147
-11.4484896979
-12.9407881576
-12.850370074
-14.425385077
-12.1646329266
-13.8199639928
-12.2068413683
-12.7635527105
-13.9196839368
-12.8791758352
-10.3142628526
-14.7275455091
-14.3560712142
-12.3790758152
-13.3516703341
-13.3340668134
-14.5
-11.7736547309
-11.1549309862
-11.1978395679
-10.5
-13.4668933787
-9.13952790558
-11.0
-11.7363472695
-10.5
-12.3793758752
-10.4810962192
-9.38357671534
-12.0877175435
-11.3912782557
-10.7902580516
-8.0
-12.0830166033
-12.2200440088
-11.6973394679
-12.5719143829
-13.1635327065
-12.0779155831
-12.6481296259
-12.7191438288
-12.1327265453
-10.8125625125
-12.574014803
-13.4451890378
-11.300960192
-15.0
-16.2932586517
-15.1182236447
-12.7155431086
-11.9365873175
-11.3892778556
-15.0
-14.4596919384
-11.0163032607
-10.2375475095
-8.98279655931
-10.5095019004
-11.4972994599
-9.0
-10.4931986397
-10.5
-12.9709941988
-10.7683536707
-10.0222044409
-13.0
-10.5897179436
-8.4324864973
-10.4623924785
-13.125625125
-10.6812362472
-12.799159832
-10.6060212042
-12.4656931386
-13.1214242849
-11.6854370874
-12.0
-11.0332066413
-11.7283456691
-14.3400680136
-12.0838167634
-11.3376675335
-13.4084816963
-12.6546309262
-11.2976595319
-12.1469293859
-10.4276855371
-8.27845569114
-10.1561312262
-11.3684736947
-10.0
-11.1285257051
-10.6300260052
-8.46449289858
-8.77545509102
-7.0
-6.58171634327
-7.89927985597
-8.23434686938
-9.77905581116
-10.3041608322
-8.74404880976
-8.33146629326
-9.81046209242
-13.1475295059
-10.7097419484
-10.9196839368
-10.0
-10.0
-9.21804360872
-9.09801960392
-10.5
-9.67183436688
-10.4217843569
-10.6442288458
-12.874374875
-10.4428885777
-11.0474094819
-12.4602920584
-11.9679935987
-9.97569513903
-8.99169833967
-9.51780356071
-8.00060012002
-9.74674934987
-11.4928985797
-11.7171434287
-11.0444088818
-11.3432686537
-10.9324864973
-5.55271054211
-6.90938187638
-7.28405681136
-8.38627725545
-13.3329665933
-11.3192638528
-11.401080216
-11.0
-9.77135427086
-12.3779755951
-10.0
-9.77485497099
-8.3225645129
-6.57641528306
-9.84866973395
-9.0
-12.0
-10.9590918184
-10.0
-9.59951990398
-13.6466293259
-9.10722144429
-9.5
-10.3850770154
-9.63122624525
-13.5
-11.2470494099
-12.2393478696
-11.4265853171
-14.1901380276
-13.0269053811
-8.70854170834
-7.00210042009
-11.1534306861
-9.81456291258
-7.83886777355
-6.5850170034
-8.99349869974
-8.84536907381
-8.0
-10.7911582316
-10.8945789158
-10.0619123825
-10.2677535507
-9.10842168434
-9.39927985597
-10.9069813963
-10.0853170634
-9.53880776155
-9.4300860172
-8.46889377876
-10.3317663533
-7.88297659532
-9.88687737548
-7.46859371874
-8.78555711142
-11.524004801
-12.7458491698
-9.99939987997
-9.5
-8.98519703941
-9.78375675135
-9.93958791759
-8.34476895379
-6.52280456091
-8.55331066213
-5.43898779756
-3.06871374275
-4.46179235847
-5.20794158832
-6.95409081816
-6.29975995199
-6.5
-5.65523104621
-4.49049809961
-5.05451090218
-7.56901380276
-7.03140628126
-8.07671534307
-4.49169833967
-7.40908181636
-7.01480296059
-5.59211842368
-5.88387677536
-5.40018003601
-6.91468293659
-5.1774354871
-4.69313862773
-6.73044608922
-7.63092618524
-7.74584916983
-6.87677535507
-7.9774954991
-9.96209241849
-8.19163832766
-7.71564312863
-8.29205841168
-9.49939987997
-10.0776155231
-9.23934786957
-5.27575515103
-9.40698139628
-7.15433086618
-9.73104620924
-8.03050610122
-5.43068613723
-7.0
-7.13032606521
-5.73104620924
-4.26955391078
-6.0
-6.0924184837
-8.91528305661
-5.92298459692
-8.49259851971
-6.0924184837
-10.3308661732
-6.52310462092
-7.96149229846
-5.46919383877
-4.76155231046
-7.50770154031
-6.0
-7.5
